   0.000000000000e+00   1.253524357343e+00
   1.000000000000e-02   1.253273877259e+00
   2.000000000000e-02   1.252522737875e+00
   3.000000000000e-02   1.251271841188e+00
   4.000000000000e-02   1.249522688529e+00
   5.000000000000e-02   1.247277377558e+00
   6.000000000000e-02   1.244538598088e+00
   7.000000000000e-02   1.241309626720e+00
   8.000000000000e-02   1.237594320327e+00
   9.000000000000e-02   1.233397108391e+00
   1.000000000000e-01   1.228722984217e+00
   1.100000000000e-01   1.223577495060e+00
   1.200000000000e-01   1.217966731170e+00
   1.300000000000e-01   1.211897313812e+00
   1.400000000000e-01   1.205376382265e+00
   1.500000000000e-01   1.198411579865e+00
   1.600000000000e-01   1.191011039109e+00
   1.700000000000e-01   1.183183365868e+00
   1.800000000000e-01   1.174937622754e+00
   1.900000000000e-01   1.166283311680e+00
   2.000000000000e-01   1.157230355670e+00
   2.100000000000e-01   1.147789079957e+00
   2.200000000000e-01   1.137970192426e+00
   2.300000000000e-01   1.127784763446e+00
   2.400000000000e-01   1.117244205162e+00
   2.500000000000e-01   1.106360250277e+00
   2.600000000000e-01   1.095144930399e+00
   2.700000000000e-01   1.083610553996e+00
   2.800000000000e-01   1.071769684025e+00
   2.900000000000e-01   1.059635115287e+00
   3.000000000000e-01   1.047219851557e+00
   3.100000000000e-01   1.034537082571e+00
   3.200000000000e-01   1.021600160890e+00
   3.300000000000e-01   1.008422578734e+00
   3.400000000000e-01   9.950179448147e-01
   3.500000000000e-01   9.813999612370e-01
   3.600000000000e-01   9.675824005187e-01
   3.700000000000e-01   9.535790827810e-01
   3.800000000000e-01   9.394038531626e-01
   3.900000000000e-01   9.250705595092e-01
   4.000000000000e-01   9.105930303857e-01
   4.100000000000e-01   8.959850534599e-01
   4.200000000000e-01   8.812603543028e-01
   4.300000000000e-01   8.664325756506e-01
   4.400000000000e-01   8.515152571681e-01
   4.500000000000e-01   8.365218157563e-01
   4.600000000000e-01   8.214655264394e-01
   4.700000000000e-01   8.063595038683e-01
   4.800000000000e-01   7.912166844725e-01
   4.900000000000e-01   7.760498092925e-01
   5.000000000000e-01   7.608714075200e-01
   5.100000000000e-01   7.456937807713e-01
   5.200000000000e-01   7.305289881190e-01
   5.300000000000e-01   7.153888319012e-01
   5.400000000000e-01   7.002848443258e-01
   5.500000000000e-01   6.852282748881e-01
   5.600000000000e-01   6.702300786122e-01
   5.700000000000e-01   6.553009051270e-01
   5.800000000000e-01   6.404510885867e-01
   5.900000000000e-01   6.256906384387e-01
   6.000000000000e-01   6.110292310433e-01
   6.100000000000e-01   5.964762021456e-01
   6.200000000000e-01   5.820405401977e-01
   6.300000000000e-01   5.677308805262e-01
   6.400000000000e-01   5.535555003403e-01
   6.500000000000e-01   5.395223145706e-01
   6.600000000000e-01   5.256388725281e-01
   6.700000000000e-01   5.119123553717e-01
   6.800000000000e-01   4.983495743683e-01
   6.900000000000e-01   4.849569699304e-01
   7.000000000000e-01   4.717406114119e-01
   7.100000000000e-01   4.587061976440e-01
   7.200000000000e-01   4.458590581875e-01
   7.300000000000e-01   4.332041552819e-01
   7.400000000000e-01   4.207460864648e-01
   7.500000000000e-01   4.084890878380e-01
   7.600000000000e-01   3.964370379536e-01
   7.700000000000e-01   3.845934622929e-01
   7.800000000000e-01   3.729615383103e-01
   7.900000000000e-01   3.615441010135e-01
   8.000000000000e-01   3.503436490509e-01
   8.100000000000e-01   3.393623512751e-01
   8.200000000000e-01   3.286020537548e-01
   8.300000000000e-01   3.180642872013e-01
   8.400000000000e-01   3.077502747821e-01
   8.500000000000e-01   2.976609402882e-01
   8.600000000000e-01   2.877969166263e-01
   8.700000000000e-01   2.781585546035e-01
   8.800000000000e-01   2.687459319757e-01
   8.900000000000e-01   2.595588627284e-01
   9.000000000000e-01   2.505969065600e-01
   9.100000000000e-01   2.418593785397e-01
   9.200000000000e-01   2.333453589090e-01
   9.300000000000e-01   2.250537030010e-01
   9.400000000000e-01   2.169830512479e-01
   9.500000000000e-01   2.091318392512e-01
   9.600000000000e-01   2.014983078885e-01
   9.700000000000e-01   1.940805134310e-01
   9.800000000000e-01   1.868763376482e-01
   9.900000000000e-01   1.798834978762e-01
   1.000000000000e+00   1.730995570280e-01
   1.010000000000e+00   1.665219335225e-01
   1.020000000000e+00   1.601479111144e-01
   1.030000000000e+00   1.539746486045e-01
   1.040000000000e+00   1.479991894115e-01
   1.050000000000e+00   1.422184709903e-01
   1.060000000000e+00   1.366293340793e-01
   1.070000000000e+00   1.312285317616e-01
   1.080000000000e+00   1.260127383281e-01
   1.090000000000e+00   1.209785579285e-01
   1.100000000000e+00   1.161225329983e-01
   1.110000000000e+00   1.114411524533e-01
   1.120000000000e+00   1.069308596402e-01
   1.130000000000e+00   1.025880600364e-01
   1.140000000000e+00   9.840912869059e-02
   1.150000000000e+00   9.439041739962e-02
   1.160000000000e+00   9.052826161429e-02
   1.170000000000e+00   8.681898707162e-02
   1.180000000000e+00   8.325891614930e-02
   1.190000000000e+00   7.984437394019e-02
   1.200000000000e+00   7.657169404534e-02
   1.210000000000e+00   7.343722408481e-02
   1.220000000000e+00   7.043733092633e-02
   1.230000000000e+00   6.756840563281e-02
   1.240000000000e+00   6.482686813008e-02
   1.250000000000e+00   6.220917159735e-02
   1.260000000000e+00   5.971180658320e-02
   1.270000000000e+00   5.733130485057e-02
   1.280000000000e+00   5.506424295506e-02
   1.290000000000e+00   5.290724556088e-02
   1.300000000000e+00   5.085698849980e-02
   1.310000000000e+00   4.891020157852e-02
   1.320000000000e+00   4.706367114046e-02
   1.330000000000e+00   4.531424238830e-02
   1.340000000000e+00   4.365882147392e-02
   1.350000000000e+00   4.209437736266e-02
   1.360000000000e+00   4.061794347922e-02
   1.370000000000e+00   3.922661914240e-02
   1.380000000000e+00   3.791757079653e-02
   1.390000000000e+00   3.668803304725e-02
   1.400000000000e+00   3.553530950941e-02
   1.410000000000e+00   3.445677347526e-02
   1.420000000000e+00   3.344986841079e-02
   1.430000000000e+00   3.251210828841e-02
   1.440000000000e+00   3.164107776384e-02
   1.450000000000e+00   3.083443220556e-02
   1.460000000000e+00   3.008989758439e-02
   1.470000000000e+00   2.940527023161e-02
   1.480000000000e+00   2.877841647298e-02
   1.490000000000e+00   2.820727214682e-02
   1.500000000000e+00   2.768984201339e-02
   1.510000000000e+00   2.722419906336e-02
   1.520000000000e+00   2.680848373238e-02
   1.530000000000e+00   2.644090302908e-02
   1.540000000000e+00   2.611972958341e-02
   1.550000000000e+00   2.584330062207e-02
   1.560000000000e+00   2.561001687750e-02
   1.570000000000e+00   2.541834143693e-02
   1.580000000000e+00   2.526679853755e-02
   1.590000000000e+00   2.515397231358e-02
   1.600000000000e+00   2.507850550114e-02
   1.610000000000e+00   2.503909810618e-02
   1.620000000000e+00   2.503450604071e-02
   1.630000000000e+00   2.506353973236e-02
   1.640000000000e+00   2.512506271193e-02
   1.650000000000e+00   2.521799018342e-02
   1.660000000000e+00   2.534128758087e-02
   1.670000000000e+00   2.549396911593e-02
   1.680000000000e+00   2.567509631999e-02
   1.690000000000e+00   2.588377658449e-02
   1.700000000000e+00   2.611916170257e-02
   1.710000000000e+00   2.638044641542e-02
   1.720000000000e+00   2.666686696594e-02
   1.730000000000e+00   2.697769966268e-02
   1.740000000000e+00   2.731225945627e-02
   1.750000000000e+00   2.766989853085e-02
   1.760000000000e+00   2.805000491238e-02
   1.770000000000e+00   2.845200109593e-02
   1.780000000000e+00   2.887534269353e-02
   1.790000000000e+00   2.931951710407e-02
   1.800000000000e+00   2.978404220690e-02
   1.810000000000e+00   3.026846508000e-02
   1.820000000000e+00   3.077236074407e-02
   1.830000000000e+00   3.129533093333e-02
   1.840000000000e+00   3.183700289380e-02
   1.850000000000e+00   3.239702820983e-02
   1.860000000000e+00   3.297508165927e-02
   1.870000000000e+00   3.357086009789e-02
   1.880000000000e+00   3.418408137308e-02
   1.890000000000e+00   3.481448326739e-02
   1.900000000000e+00   3.546182247171e-02
   1.910000000000e+00   3.612587358830e-02
   1.920000000000e+00   3.680642816358e-02
   1.930000000000e+00   3.750329375049e-02
   1.940000000000e+00   3.821629300029e-02
   1.950000000000e+00   3.894526278353e-02
   1.960000000000e+00   3.969005333979e-02
   1.970000000000e+00   4.045052745593e-02
   1.980000000000e+00   4.122655967237e-02
   1.990000000000e+00   4.201803551690e-02
   2.000000000000e+00   4.282485076559e-02
   2.010000000000e+00   4.364691073023e-02
   2.020000000000e+00   4.448412957176e-02
   2.030000000000e+00   4.533642963906e-02
   2.040000000000e+00   4.620374083254e-02
   2.050000000000e+00   4.708599999185e-02
   2.060000000000e+00   4.798315030719e-02
   2.070000000000e+00   4.889514075338e-02
   2.080000000000e+00   4.982192554624e-02
   2.090000000000e+00   5.076346362045e-02
   2.100000000000e+00   5.171971812836e-02
   2.110000000000e+00   5.269065595901e-02
   2.120000000000e+00   5.367624727669e-02
   2.130000000000e+00   5.467646507846e-02
   2.140000000000e+00   5.569128476991e-02
   2.150000000000e+00   5.672068375856e-02
   2.160000000000e+00   5.776464106429e-02
   2.170000000000e+00   5.882313694605e-02
   2.180000000000e+00   5.989615254446e-02
   2.190000000000e+00   6.098366953951e-02
   2.200000000000e+00   6.208566982286e-02
   2.210000000000e+00   6.320213518424e-02
   2.220000000000e+00   6.433304701124e-02
   2.230000000000e+00   6.547838600210e-02
   2.240000000000e+00   6.663813189093e-02
   2.250000000000e+00   6.781226318485e-02
   2.260000000000e+00   6.900075691261e-02
   2.270000000000e+00   7.020358838413e-02
   2.280000000000e+00   7.142073096067e-02
   2.290000000000e+00   7.265215583503e-02
   2.300000000000e+00   7.389783182148e-02
   2.310000000000e+00   7.515772515500e-02
   2.320000000000e+00   7.643179929944e-02
   2.330000000000e+00   7.772001476424e-02
   2.340000000000e+00   7.902232892936e-02
   2.350000000000e+00   8.033869587816e-02
   2.360000000000e+00   8.166906623777e-02
   2.370000000000e+00   8.301338702689e-02
   2.380000000000e+00   8.437160151046e-02
   2.390000000000e+00   8.574364906117e-02
   2.400000000000e+00   8.712946502750e-02
   2.410000000000e+00   8.852898060790e-02
   2.420000000000e+00   8.994212273116e-02
   2.430000000000e+00   9.136881394256e-02
   2.440000000000e+00   9.280897229566e-02
   2.450000000000e+00   9.426251124956e-02
   2.460000000000e+00   9.572933957152e-02
   2.470000000000e+00   9.720936124465e-02
   2.480000000000e+00   9.870247538058e-02
   2.490000000000e+00   1.002085761371e-01
   2.500000000000e+00   1.017275526404e-01
   2.510000000000e+00   1.032592889121e-01
   2.520000000000e+00   1.048036638004e-01
   2.530000000000e+00   1.063605509163e-01
   2.540000000000e+00   1.079298185734e-01
   2.550000000000e+00   1.095113297326e-01
   2.560000000000e+00   1.111049419504e-01
   2.570000000000e+00   1.127105073317e-01
   2.580000000000e+00   1.143278724864e-01
   2.590000000000e+00   1.159568784900e-01
   2.600000000000e+00   1.175973608483e-01
   2.610000000000e+00   1.192491494657e-01
   2.620000000000e+00   1.209120686175e-01
   2.630000000000e+00   1.225859369262e-01
   2.640000000000e+00   1.242705673407e-01
   2.650000000000e+00   1.259657671209e-01
   2.660000000000e+00   1.276713378237e-01
   2.670000000000e+00   1.293870752952e-01
   2.680000000000e+00   1.311127696643e-01
   2.690000000000e+00   1.328482053418e-01
   2.700000000000e+00   1.345931610218e-01
   2.710000000000e+00   1.363474096873e-01
   2.720000000000e+00   1.381107186195e-01
   2.730000000000e+00   1.398828494105e-01
   2.740000000000e+00   1.416635579794e-01
   2.750000000000e+00   1.434525945928e-01
   2.760000000000e+00   1.452497038874e-01
   2.770000000000e+00   1.470546248979e-01
   2.780000000000e+00   1.488670910870e-01
   2.790000000000e+00   1.506868303801e-01
   2.800000000000e+00   1.525135652025e-01
   2.810000000000e+00   1.543470125209e-01
   2.820000000000e+00   1.561868838882e-01
   2.830000000000e+00   1.580328854918e-01
   2.840000000000e+00   1.598847182053e-01
   2.850000000000e+00   1.617420776440e-01
   2.860000000000e+00   1.636046542237e-01
   2.870000000000e+00   1.654721332227e-01
   2.880000000000e+00   1.673441948481e-01
   2.890000000000e+00   1.692205143045e-01
   2.900000000000e+00   1.711007618672e-01
   2.910000000000e+00   1.729846029578e-01
   2.920000000000e+00   1.748716982241e-01
   2.930000000000e+00   1.767617036226e-01
   2.940000000000e+00   1.786542705052e-01
   2.950000000000e+00   1.805490457085e-01
   2.960000000000e+00   1.824456716466e-01
   2.970000000000e+00   1.843437864078e-01
   2.980000000000e+00   1.862430238533e-01
   2.990000000000e+00   1.881430137204e-01
   3.000000000000e+00   1.900433817284e-01
   3.010000000000e+00   1.919437496872e-01
   3.020000000000e+00   1.938437356098e-01
   3.030000000000e+00   1.957429538271e-01
   3.040000000000e+00   1.976410151068e-01
   3.050000000000e+00   1.995375267739e-01
   3.060000000000e+00   2.014320928352e-01
   3.070000000000e+00   2.033243141065e-01
   3.080000000000e+00   2.052137883421e-01
   3.090000000000e+00   2.071001103679e-01
   3.100000000000e+00   2.089828722165e-01
   3.110000000000e+00   2.108616632655e-01
   3.120000000000e+00   2.127360703781e-01
   3.130000000000e+00   2.146056780462e-01
   3.140000000000e+00   2.164700685366e-01
   3.150000000000e+00   2.183288220384e-01
   3.160000000000e+00   2.201815168143e-01
   3.170000000000e+00   2.220277293530e-01
   3.180000000000e+00   2.238670345240e-01
   3.190000000000e+00   2.256990057349e-01
   3.200000000000e+00   2.275232150908e-01
   3.210000000000e+00   2.293392335551e-01
   3.220000000000e+00   2.311466311123e-01
   3.230000000000e+00   2.329449769337e-01
   3.240000000000e+00   2.347338395428e-01
   3.250000000000e+00   2.365127869845e-01
   3.260000000000e+00   2.382813869941e-01
   3.270000000000e+00   2.400392071688e-01
   3.280000000000e+00   2.417858151404e-01
   3.290000000000e+00   2.435207787486e-01
   3.300000000000e+00   2.452436662164e-01
   3.310000000000e+00   2.469540463260e-01
   3.320000000000e+00   2.486514885958e-01
   3.330000000000e+00   2.503355634585e-01
   3.340000000000e+00   2.520058424393e-01
   3.350000000000e+00   2.536618983359e-01
   3.360000000000e+00   2.553033053979e-01
   3.370000000000e+00   2.569296395073e-01
   3.380000000000e+00   2.585404783593e-01
   3.390000000000e+00   2.601354016435e-01
   3.400000000000e+00   2.617139912245e-01
   3.410000000000e+00   2.632758313237e-01
   3.420000000000e+00   2.648205086997e-01
   3.430000000000e+00   2.663476128300e-01
   3.440000000000e+00   2.678567360910e-01
   3.450000000000e+00   2.693474739384e-01
   3.460000000000e+00   2.708194250872e-01
   3.470000000000e+00   2.722721916901e-01
   3.480000000000e+00   2.737053795168e-01
   3.490000000000e+00   2.751185981306e-01
   3.500000000000e+00   2.765114610655e-01
   3.510000000000e+00   2.778835860014e-01
   3.520000000000e+00   2.792345949385e-01
   3.530000000000e+00   2.805641143704e-01
   3.540000000000e+00   2.818717754554e-01
   3.550000000000e+00   2.831572141870e-01
   3.560000000000e+00   2.844200715618e-01
   3.570000000000e+00   2.856599937470e-01
   3.580000000000e+00   2.868766322444e-01
   3.590000000000e+00   2.880696440543e-01
   3.600000000000e+00   2.892386918354e-01
   3.610000000000e+00   2.903834440644e-01
   3.620000000000e+00   2.915035751920e-01
   3.630000000000e+00   2.925987657972e-01
   3.640000000000e+00   2.936687027388e-01
   3.650000000000e+00   2.947130793046e-01
   3.660000000000e+00   2.957315953577e-01
   3.670000000000e+00   2.967239574802e-01
   3.680000000000e+00   2.976898791141e-01
   3.690000000000e+00   2.986290806989e-01
   3.700000000000e+00   2.995412898065e-01
   3.710000000000e+00   3.004262412729e-01
   3.720000000000e+00   3.012836773263e-01
   3.730000000000e+00   3.021133477127e-01
   3.740000000000e+00   3.029150098171e-01
   3.750000000000e+00   3.036884287821e-01
   3.760000000000e+00   3.044333776222e-01
   3.770000000000e+00   3.051496373351e-01
   3.780000000000e+00   3.058369970086e-01
   3.790000000000e+00   3.064952539247e-01
   3.800000000000e+00   3.071242136587e-01
   3.810000000000e+00   3.077236901749e-01
   3.820000000000e+00   3.082935059187e-01
   3.830000000000e+00   3.088334919040e-01
   3.840000000000e+00   3.093434877965e-01
   3.850000000000e+00   3.098233419935e-01
   3.860000000000e+00   3.102729116986e-01
   3.870000000000e+00   3.106920629929e-01
   3.880000000000e+00   3.110806709009e-01
   3.890000000000e+00   3.114386194534e-01
   3.900000000000e+00   3.117658017445e-01
   3.910000000000e+00   3.120621199850e-01
   3.920000000000e+00   3.123274855514e-01
   3.930000000000e+00   3.125618190296e-01
   3.940000000000e+00   3.127650502549e-01
   3.950000000000e+00   3.129371183470e-01
   3.960000000000e+00   3.130779717398e-01
   3.970000000000e+00   3.131875682082e-01
   3.980000000000e+00   3.132658748882e-01
   3.990000000000e+00   3.133128682938e-01
   4.000000000000e+00   3.133285343289e-01
   4.010000000000e+00   3.133128682938e-01
   4.020000000000e+00   3.132658748882e-01
   4.030000000000e+00   3.131875682082e-01
   4.040000000000e+00   3.130779717398e-01
   4.050000000000e+00   3.129371183469e-01
   4.060000000000e+00   3.127650502549e-01
   4.070000000000e+00   3.125618190295e-01
   4.080000000000e+00   3.123274855513e-01
   4.090000000000e+00   3.120621199849e-01
   4.100000000000e+00   3.117658017444e-01
   4.110000000000e+00   3.114386194533e-01
   4.120000000000e+00   3.110806709008e-01
   4.130000000000e+00   3.106920629927e-01
   4.140000000000e+00   3.102729116985e-01
   4.150000000000e+00   3.098233419933e-01
   4.160000000000e+00   3.093434877963e-01
   4.170000000000e+00   3.088334919037e-01
   4.180000000000e+00   3.082935059185e-01
   4.190000000000e+00   3.077236901746e-01
   4.200000000000e+00   3.071242136583e-01
   4.210000000000e+00   3.064952539243e-01
   4.220000000000e+00   3.058369970081e-01
   4.230000000000e+00   3.051496373345e-01
   4.240000000000e+00   3.044333776215e-01
   4.250000000000e+00   3.036884287813e-01
   4.260000000000e+00   3.029150098162e-01
   4.270000000000e+00   3.021133477116e-01
   4.280000000000e+00   3.012836773250e-01
   4.290000000000e+00   3.004262412714e-01
   4.300000000000e+00   2.995412898049e-01
   4.310000000000e+00   2.986290806970e-01
   4.320000000000e+00   2.976898791119e-01
   4.330000000000e+00   2.967239574777e-01
   4.340000000000e+00   2.957315953547e-01
   4.350000000000e+00   2.947130793012e-01
   4.360000000000e+00   2.936687027349e-01
   4.370000000000e+00   2.925987657927e-01
   4.380000000000e+00   2.915035751868e-01
   4.390000000000e+00   2.903834440583e-01
   4.400000000000e+00   2.892386918284e-01
   4.410000000000e+00   2.880696440461e-01
   4.420000000000e+00   2.868766322351e-01
   4.430000000000e+00   2.856599937362e-01
   4.440000000000e+00   2.844200715494e-01
   4.450000000000e+00   2.831572141726e-01
   4.460000000000e+00   2.818717754389e-01
   4.470000000000e+00   2.805641143514e-01
   4.480000000000e+00   2.792345949167e-01
   4.490000000000e+00   2.778835859763e-01
   4.500000000000e+00   2.765114610366e-01
   4.510000000000e+00   2.751185980974e-01
   4.520000000000e+00   2.737053794787e-01
   4.530000000000e+00   2.722721916463e-01
   4.540000000000e+00   2.708194250368e-01
   4.550000000000e+00   2.693474738807e-01
   4.560000000000e+00   2.678567360247e-01
   4.570000000000e+00   2.663476127540e-01
   4.580000000000e+00   2.648205086126e-01
   4.590000000000e+00   2.632758312238e-01
   4.600000000000e+00   2.617139911101e-01
   4.610000000000e+00   2.601354015124e-01
   4.620000000000e+00   2.585404782093e-01
   4.630000000000e+00   2.569296393355e-01
   4.640000000000e+00   2.553033052015e-01
   4.650000000000e+00   2.536618981113e-01
   4.660000000000e+00   2.520058421826e-01
   4.670000000000e+00   2.503355631651e-01
   4.680000000000e+00   2.486514882608e-01
   4.690000000000e+00   2.469540459435e-01
   4.700000000000e+00   2.452436657799e-01
   4.710000000000e+00   2.435207782507e-01
   4.720000000000e+00   2.417858145726e-01
   4.730000000000e+00   2.400392065216e-01
   4.740000000000e+00   2.382813862567e-01
   4.750000000000e+00   2.365127861446e-01
   4.760000000000e+00   2.347338385866e-01
   4.770000000000e+00   2.329449758455e-01
   4.780000000000e+00   2.311466298744e-01
   4.790000000000e+00   2.293392321473e-01
   4.800000000000e+00   2.275232134906e-01
   4.810000000000e+00   2.256990039167e-01
   4.820000000000e+00   2.238670324588e-01
   4.830000000000e+00   2.220277270083e-01
   4.840000000000e+00   2.201815141533e-01
   4.850000000000e+00   2.183288190195e-01
   4.860000000000e+00   2.164700651131e-01
   4.870000000000e+00   2.146056741656e-01
   4.880000000000e+00   2.127360659810e-01
   4.890000000000e+00   2.108616582851e-01
   4.900000000000e+00   2.089828665776e-01
   4.910000000000e+00   2.071001039861e-01
   4.920000000000e+00   2.052137811223e-01
   4.930000000000e+00   2.033243059420e-01
   4.940000000000e+00   2.014320836060e-01
   4.950000000000e+00   1.995375163454e-01
   4.960000000000e+00   1.976410033278e-01
   4.970000000000e+00   1.957429405281e-01
   4.980000000000e+00   1.938437206004e-01
   4.990000000000e+00   1.919437327544e-01
   5.000000000000e+00   1.900433626333e-01
   5.010000000000e+00   1.881429921954e-01
   5.020000000000e+00   1.862429995989e-01
   5.030000000000e+00   1.843437590888e-01
   5.040000000000e+00   1.824456408882e-01
   5.050000000000e+00   1.805490110913e-01
   5.060000000000e+00   1.786542315607e-01
   5.070000000000e+00   1.767616598274e-01
   5.080000000000e+00   1.748716489936e-01
   5.090000000000e+00   1.729845476397e-01
   5.100000000000e+00   1.711006997335e-01
   5.110000000000e+00   1.692204445433e-01
   5.120000000000e+00   1.673441165543e-01
   5.130000000000e+00   1.654720453878e-01
   5.140000000000e+00   1.636045557244e-01
   5.150000000000e+00   1.617419672296e-01
   5.160000000000e+00   1.598845944838e-01
   5.170000000000e+00   1.580327469149e-01
   5.180000000000e+00   1.561867287343e-01
   5.190000000000e+00   1.543468388763e-01
   5.200000000000e+00   1.525133709412e-01
   5.210000000000e+00   1.506866131412e-01
   5.220000000000e+00   1.488668482497e-01
   5.230000000000e+00   1.470543535542e-01
   5.240000000000e+00   1.452494008123e-01
   5.250000000000e+00   1.434522562108e-01
   5.260000000000e+00   1.416631803284e-01
   5.270000000000e+00   1.398824281017e-01
   5.280000000000e+00   1.381102487939e-01
   5.290000000000e+00   1.363468859673e-01
   5.300000000000e+00   1.345925774584e-01
   5.310000000000e+00   1.328475553568e-01
   5.320000000000e+00   1.311120459869e-01
   5.330000000000e+00   1.293862698926e-01
   5.340000000000e+00   1.276704418251e-01
   5.350000000000e+00   1.259647707339e-01
   5.360000000000e+00   1.242694597608e-01
   5.370000000000e+00   1.225847062368e-01
   5.380000000000e+00   1.209107016816e-01
   5.390000000000e+00   1.192476318066e-01
   5.400000000000e+00   1.175956765205e-01
   5.410000000000e+00   1.159550099373e-01
   5.420000000000e+00   1.143258003879e-01
   5.430000000000e+00   1.127082104333e-01
   5.440000000000e+00   1.111023968819e-01
   5.450000000000e+00   1.095085108077e-01
   5.460000000000e+00   1.079266975727e-01
   5.470000000000e+00   1.063570968511e-01
   5.480000000000e+00   1.047998426555e-01
   5.490000000000e+00   1.032550633664e-01
   5.500000000000e+00   1.017228817636e-01
   5.510000000000e+00   1.002034150602e-01
   5.520000000000e+00   9.869677493816e-02
   5.530000000000e+00   9.720306758715e-02
   5.540000000000e+00   9.572239374465e-02
   5.550000000000e+00   9.425484873858e-02
   5.560000000000e+00   9.280052253181e-02
   5.570000000000e+00   9.135949976876e-02
   5.580000000000e+00   8.993185982384e-02
   5.590000000000e+00   8.851767685178e-02
   5.600000000000e+00   8.711701983976e-02
   5.610000000000e+00   8.572995266131e-02
   5.620000000000e+00   8.435653413186e-02
   5.630000000000e+00   8.299681806595e-02
   5.640000000000e+00   8.165085333600e-02
   5.650000000000e+00   8.031868393253e-02
   5.660000000000e+00   7.900034902593e-02
   5.670000000000e+00   7.769588302954e-02
   5.680000000000e+00   7.640531566407e-02
   5.690000000000e+00   7.512867202332e-02
   5.700000000000e+00   7.386597264103e-02
   5.710000000000e+00   7.261723355899e-02
   5.720000000000e+00   7.138246639613e-02
   5.730000000000e+00   7.016167841868e-02
   5.740000000000e+00   6.895487261132e-02
   5.750000000000e+00   6.776204774920e-02
   5.760000000000e+00   6.658319847084e-02
   5.770000000000e+00   6.541831535181e-02
   5.780000000000e+00   6.426738497913e-02
   5.790000000000e+00   6.313039002639e-02
   5.800000000000e+00   6.200730932946e-02
   5.810000000000e+00   6.089811796276e-02
   5.820000000000e+00   5.980278731607e-02
   5.830000000000e+00   5.872128517177e-02
   5.840000000000e+00   5.765357578249e-02
   5.850000000000e+00   5.659961994913e-02
   5.860000000000e+00   5.555937509913e-02
   5.870000000000e+00   5.453279536500e-02
   5.880000000000e+00   5.351983166311e-02
   5.890000000000e+00   5.252043177250e-02
   5.900000000000e+00   5.153454041386e-02
   5.910000000000e+00   5.056209932858e-02
   5.920000000000e+00   4.960304735770e-02
   5.930000000000e+00   4.865732052093e-02
   5.940000000000e+00   4.772485209545e-02
   5.950000000000e+00   4.680557269466e-02
   5.960000000000e+00   4.589941034671e-02
   5.970000000000e+00   4.500629057279e-02
   5.980000000000e+00   4.412613646520e-02
   5.990000000000e+00   4.325886876501e-02
   6.000000000000e+00   4.240440593951e-02
   6.010000000000e+00   4.156266425910e-02
   6.020000000000e+00   4.073355787391e-02
   6.030000000000e+00   3.991699888984e-02
   6.040000000000e+00   3.911289744416e-02
   6.050000000000e+00   3.832116178054e-02
   6.060000000000e+00   3.754169832356e-02
   6.070000000000e+00   3.677441175252e-02
   6.080000000000e+00   3.601920507472e-02
   6.090000000000e+00   3.527597969800e-02
   6.100000000000e+00   3.454463550264e-02
   6.110000000000e+00   3.382507091250e-02
   6.120000000000e+00   3.311718296539e-02
   6.130000000000e+00   3.242086738275e-02
   6.140000000000e+00   3.173601863840e-02
   6.150000000000e+00   3.106253002658e-02
   6.160000000000e+00   3.040029372910e-02
   6.170000000000e+00   2.974920088156e-02
   6.180000000000e+00   2.910914163879e-02
   6.190000000000e+00   2.848000523927e-02
   6.200000000000e+00   2.786168006870e-02
   6.210000000000e+00   2.725405372257e-02
   6.220000000000e+00   2.665701306780e-02
   6.230000000000e+00   2.607044430337e-02
   6.240000000000e+00   2.549423301995e-02
   6.250000000000e+00   2.492826425861e-02
   6.260000000000e+00   2.437242256834e-02
   6.270000000000e+00   2.382659206272e-02
   6.280000000000e+00   2.329065647542e-02
   6.290000000000e+00   2.276449921467e-02
   6.300000000000e+00   2.224800341674e-02
   6.310000000000e+00   2.174105199827e-02
   6.320000000000e+00   2.124352770751e-02
   6.330000000000e+00   2.075531317460e-02
   6.340000000000e+00   2.027629096060e-02
   6.350000000000e+00   1.980634360555e-02
   6.360000000000e+00   1.934535367538e-02
   6.370000000000e+00   1.889320380775e-02
   6.380000000000e+00   1.844977675673e-02
   6.390000000000e+00   1.801495543647e-02
   6.400000000000e+00   1.758862296372e-02
   6.410000000000e+00   1.717066269920e-02
   6.420000000000e+00   1.676095828799e-02
   6.430000000000e+00   1.635939369871e-02
   6.440000000000e+00   1.596585326169e-02
   6.450000000000e+00   1.558022170598e-02
   6.460000000000e+00   1.520238419532e-02
   6.470000000000e+00   1.483222636302e-02
   6.480000000000e+00   1.446963434575e-02
   6.490000000000e+00   1.411449481627e-02
   6.500000000000e+00   1.376669501513e-02
   6.510000000000e+00   1.342612278120e-02
   6.520000000000e+00   1.309266658133e-02
   6.530000000000e+00   1.276621553879e-02
   6.540000000000e+00   1.244665946081e-02
   6.550000000000e+00   1.213388886504e-02
   6.560000000000e+00   1.182779500499e-02
   6.570000000000e+00   1.152826989450e-02
   6.580000000000e+00   1.123520633121e-02
   6.590000000000e+00   1.094849791901e-02
   6.600000000000e+00   1.066803908962e-02
   6.610000000000e+00   1.039372512309e-02
   6.620000000000e+00   1.012545216743e-02
   6.630000000000e+00   9.863117257319e-03
   6.640000000000e+00   9.606618331841e-03
   6.650000000000e+00   9.355854251356e-03
   6.660000000000e+00   9.110724813464e-03
   6.670000000000e+00   8.871130768096e-03
   6.680000000000e+00   8.636973831733e-03
   6.690000000000e+00   8.408156700787e-03
   6.700000000000e+00   8.184583064132e-03
   6.710000000000e+00   7.966157614824e-03
   6.720000000000e+00   7.752786061011e-03
   6.730000000000e+00   7.544375136053e-03
   6.740000000000e+00   7.340832607863e-03
   6.750000000000e+00   7.142067287490e-03
   6.760000000000e+00   6.947989036955e-03
   6.770000000000e+00   6.758508776359e-03
   6.780000000000e+00   6.573538490272e-03
   6.790000000000e+00   6.392991233428e-03
   6.800000000000e+00   6.216781135734e-03
   6.810000000000e+00   6.044823406611e-03
   6.820000000000e+00   5.877034338685e-03
   6.830000000000e+00   5.713331310845e-03
   6.840000000000e+00   5.553632790670e-03
   6.850000000000e+00   5.397858336267e-03
   6.860000000000e+00   5.245928597507e-03
   6.870000000000e+00   5.097765316693e-03
   6.880000000000e+00   4.953291328677e-03
   6.890000000000e+00   4.812430560424e-03
   6.900000000000e+00   4.675108030056e-03
   6.910000000000e+00   4.541249845387e-03
   6.920000000000e+00   4.410783201962e-03
   6.930000000000e+00   4.283636380608e-03
   6.940000000000e+00   4.159738744537e-03
   6.950000000000e+00   4.039020735979e-03
   6.960000000000e+00   3.921413872400e-03
   6.970000000000e+00   3.806850742283e-03
   6.980000000000e+00   3.695265000517e-03
   6.990000000000e+00   3.586591363387e-03
   7.000000000000e+00   3.480765603192e-03
   7.010000000000e+00   3.377724542498e-03
   7.020000000000e+00   3.277406048044e-03
   7.030000000000e+00   3.179749024318e-03
   7.040000000000e+00   3.084693406803e-03
   7.050000000000e+00   2.992180154925e-03
   7.060000000000e+00   2.902151244704e-03
   7.070000000000e+00   2.814549661123e-03
   7.080000000000e+00   2.729319390231e-03
   7.090000000000e+00   2.646405410993e-03
   7.100000000000e+00   2.565753686891e-03
   7.110000000000e+00   2.487311157304e-03
   7.120000000000e+00   2.411025728661e-03
   7.130000000000e+00   2.336846265396e-03
   7.140000000000e+00   2.264722580701e-03
   7.150000000000e+00   2.194605427104e-03
   7.160000000000e+00   2.126446486866e-03
   7.170000000000e+00   2.060198362223e-03
   7.180000000000e+00   1.995814565479e-03
   7.190000000000e+00   1.933249508954e-03
   7.200000000000e+00   1.872458494808e-03
   7.210000000000e+00   1.813397704740e-03
   7.220000000000e+00   1.756024189583e-03
   7.230000000000e+00   1.700295858798e-03
   7.240000000000e+00   1.646171469874e-03
   7.250000000000e+00   1.593610617648e-03
   7.260000000000e+00   1.542573723559e-03
   7.270000000000e+00   1.493022024824e-03
   7.280000000000e+00   1.444917563574e-03
   7.290000000000e+00   1.398223175932e-03
   7.300000000000e+00   1.352902481058e-03
   7.310000000000e+00   1.308919870158e-03
   7.320000000000e+00   1.266240495470e-03
   7.330000000000e+00   1.224830259236e-03
   7.340000000000e+00   1.184655802663e-03
   7.350000000000e+00   1.145684494877e-03
   7.360000000000e+00   1.107884421886e-03
   7.370000000000e+00   1.071224375553e-03
   7.380000000000e+00   1.035673842582e-03
   7.390000000000e+00   1.001202993524e-03
   7.400000000000e+00   9.677826718218e-04
   7.410000000000e+00   9.353843828765e-04
   7.420000000000e+00   9.039802831587e-04
   7.430000000000e+00   8.735431693625e-04
   7.440000000000e+00   8.440464676089e-04
   7.450000000000e+00   8.154642227024e-04
   7.460000000000e+00   7.877710874452e-04
   7.470000000000e+00   7.609423120151e-04
   7.480000000000e+00   7.349537334093e-04
   7.490000000000e+00   7.097817649588e-04
   7.500000000000e+00   6.854033859177e-04
   7.510000000000e+00   6.617961311296e-04
   7.520000000000e+00   6.389380807765e-04
   7.530000000000e+00   6.168078502116e-04
   7.540000000000e+00   5.953845798800e-04
   7.550000000000e+00   5.746479253301e-04
   7.560000000000e+00   5.545780473186e-04
   7.570000000000e+00   5.351556020109e-04
   7.580000000000e+00   5.163617312808e-04
   7.590000000000e+00   4.981780531099e-04
   7.600000000000e+00   4.805866520907e-04
   7.610000000000e+00   4.635700700339e-04
   7.620000000000e+00   4.471112966827e-04
   7.630000000000e+00   4.311937605356e-04
   7.640000000000e+00   4.158013197784e-04
   7.650000000000e+00   4.009182533286e-04
   7.660000000000e+00   3.865292519918e-04
   7.670000000000e+00   3.726194097320e-04
   7.680000000000e+00   3.591742150571e-04
   7.690000000000e+00   3.461795425203e-04
   7.700000000000e+00   3.336216443380e-04
   7.710000000000e+00   3.214871421255e-04
   7.720000000000e+00   3.097630187501e-04
   7.730000000000e+00   2.984366103036e-04
   7.740000000000e+00   2.874955981936e-04
   7.750000000000e+00   2.769280013533e-04
   7.760000000000e+00   2.667221685722e-04
   7.770000000000e+00   2.568667709456e-04
   7.780000000000e+00   2.473507944438e-04
   7.790000000000e+00   2.381635326015e-04
   7.800000000000e+00   2.292945793261e-04
   7.810000000000e+00   2.207338218265e-04
   7.820000000000e+00   2.124714336592e-04
   7.830000000000e+00   2.044978678954e-04
   7.840000000000e+00   1.968038504043e-04
   7.850000000000e+00   1.893803732558e-04
   7.860000000000e+00   1.822186882400e-04
   7.870000000000e+00   1.753103005032e-04
   7.880000000000e+00   1.686469623004e-04
   7.890000000000e+00   1.622206668630e-04
   7.900000000000e+00   1.560236423807e-04
   7.910000000000e+00   1.500483460984e-04
   7.920000000000e+00   1.442874585243e-04
   7.930000000000e+00   1.387338777514e-04
   7.940000000000e+00   1.333807138897e-04
   7.950000000000e+00   1.282212836079e-04
   7.960000000000e+00   1.232491047850e-04
   7.970000000000e+00   1.184578912697e-04
   7.980000000000e+00   1.138415477459e-04
   7.990000000000e+00   1.093941647051e-04
   8.000000000000e+00   1.051100135228e-04
   8.010000000000e+00   1.009835416386e-04
   8.020000000000e+00   9.700936783794e-05
   8.030000000000e+00   9.318227763594e-05
   8.040000000000e+00   8.949721875986e-05
   8.050000000000e+00   8.594929673078e-05
   8.060000000000e+00   8.253377054218e-05
   8.070000000000e+00   7.924604843451e-05
   8.080000000000e+00   7.608168376428e-05
   8.090000000000e+00   7.303637096646e-05
   8.100000000000e+00   7.010594160873e-05
   8.110000000000e+00   6.728636053635e-05
   8.120000000000e+00   6.457372210615e-05
   8.130000000000e+00   6.196424650846e-05
   8.140000000000e+00   5.945427617543e-05
   8.150000000000e+00   5.704027227442e-05
   8.160000000000e+00   5.471881128520e-05
   8.170000000000e+00   5.248658165938e-05
   8.180000000000e+00   5.034038056086e-05
   8.190000000000e+00   4.827711068584e-05
   8.200000000000e+00   4.629377716100e-05
   8.210000000000e+00   4.438748451853e-05
   8.220000000000e+00   4.255543374661e-05
   8.230000000000e+00   4.079491941398e-05
   8.240000000000e+00   3.910332686719e-05
   8.250000000000e+00   3.747812949929e-05
   8.260000000000e+00   3.591688608848e-05
   8.270000000000e+00   3.441723820546e-05
   8.280000000000e+00   3.297690768814e-05
   8.290000000000e+00   3.159369418237e-05
   8.300000000000e+00   3.026547274739e-05
   8.310000000000e+00   2.899019152468e-05
   8.320000000000e+00   2.776586946891e-05
   8.330000000000e+00   2.659059413982e-05
   8.340000000000e+00   2.546251955358e-05
   8.350000000000e+00   2.437986409251e-05
   8.360000000000e+00   2.334090847188e-05
   8.370000000000e+00   2.234399376259e-05
   8.380000000000e+00   2.138751946843e-05
   8.390000000000e+00   2.046994165681e-05
   8.400000000000e+00   1.958977114180e-05
   8.410000000000e+00   1.874557171812e-05
   8.420000000000e+00   1.793595844519e-05
   8.430000000000e+00   1.715959597992e-05
   8.440000000000e+00   1.641519695714e-05
   8.450000000000e+00   1.570152041663e-05
   8.460000000000e+00   1.501737027559e-05
   8.470000000000e+00   1.436159384552e-05
   8.480000000000e+00   1.373308039241e-05
   8.490000000000e+00   1.313075973920e-05
   8.500000000000e+00   1.255360090958e-05
   8.510000000000e+00   1.200061081196e-05
   8.520000000000e+00   1.147083296269e-05
   8.530000000000e+00   1.096334624767e-05
   8.540000000000e+00   1.047726372113e-05
   8.550000000000e+00   1.001173144091e-05
   8.560000000000e+00   9.565927339150e-06
   8.570000000000e+00   9.139060127498e-06
   8.580000000000e+00   8.730368236002e-06
   8.590000000000e+00   8.339118784766e-06
   8.600000000000e+00   7.964606587519e-06
   8.610000000000e+00   7.606153186254e-06
   8.620000000000e+00   7.263105916121e-06
   8.630000000000e+00   6.934836999750e-06
   8.640000000000e+00   6.620742670211e-06
   8.650000000000e+00   6.320242321853e-06
   8.660000000000e+00   6.032777688230e-06
   8.670000000000e+00   5.757812046396e-06
   8.680000000000e+00   5.494829446823e-06
   8.690000000000e+00   5.243333968233e-06
   8.700000000000e+00   5.002848996645e-06
   8.710000000000e+00   4.772916527954e-06
   8.720000000000e+00   4.553096493373e-06
   8.730000000000e+00   4.342966107084e-06
   8.740000000000e+00   4.142119235464e-06
   8.750000000000e+00   3.950165787255e-06
   8.760000000000e+00   3.766731124071e-06
   8.770000000000e+00   3.591455490660e-06
   8.780000000000e+00   3.423993464308e-06
   8.790000000000e+00   3.264013422860e-06
   8.800000000000e+00   3.111197030765e-06
   8.810000000000e+00   2.965238742633e-06
   8.820000000000e+00   2.825845323764e-06
   8.830000000000e+00   2.692735387133e-06
   8.840000000000e+00   2.565638946340e-06
   8.850000000000e+00   2.444296984034e-06
   8.860000000000e+00   2.328461035321e-06
   8.870000000000e+00   2.217892785716e-06
   8.880000000000e+00   2.112363683168e-06
   8.890000000000e+00   2.011654563727e-06
   8.900000000000e+00   1.915555290423e-06
   8.910000000000e+00   1.823864404935e-06
   8.920000000000e+00   1.736388791654e-06
   8.930000000000e+00   1.652943353735e-06
   8.940000000000e+00   1.573350700763e-06
   8.950000000000e+00   1.497440847645e-06
   8.960000000000e+00   1.425050924380e-06
   8.970000000000e+00   1.356024896349e-06
   8.980000000000e+00   1.290213294771e-06
   8.990000000000e+00   1.227472957003e-06
   9.000000000000e+00   1.167666776359e-06
   9.010000000000e+00   1.110663461124e-06
   9.020000000000e+00   1.056337302459e-06
   9.030000000000e+00   1.004567950913e-06
   9.040000000000e+00   9.552402012335e-07
   9.050000000000e+00   9.082437852025e-07
   9.060000000000e+00   8.634731722355e-07
   9.070000000000e+00   8.208273774647e-07
   9.080000000000e+00   7.802097770585e-07
   9.090000000000e+00   7.415279305274e-07
   9.100000000000e+00   7.046934097739e-07
   9.110000000000e+00   6.696216346541e-07
   9.120000000000e+00   6.362317148236e-07
   9.130000000000e+00   6.044462976482e-07
   9.140000000000e+00   5.741914219664e-07
   9.150000000000e+00   5.453963774978e-07
   9.160000000000e+00   5.179935696976e-07
   9.170000000000e+00   4.919183898629e-07
   9.180000000000e+00   4.671090903044e-07
   9.190000000000e+00   4.435066644011e-07
   9.200000000000e+00   4.210547313634e-07
   9.210000000000e+00   3.996994255332e-07
   9.220000000000e+00   3.793892900573e-07
   9.230000000000e+00   3.600751747755e-07
   9.240000000000e+00   3.417101381673e-07
   9.250000000000e+00   3.242493532110e-07
   9.260000000000e+00   3.076500170084e-07
   9.270000000000e+00   2.918712640379e-07
   9.280000000000e+00   2.768740829007e-07
   9.290000000000e+00   2.626212364285e-07
   9.300000000000e+00   2.490771850301e-07
   9.310000000000e+00   2.362080131519e-07
   9.320000000000e+00   2.239813587377e-07
   9.330000000000e+00   2.123663455721e-07
   9.340000000000e+00   2.013335183999e-07
   9.350000000000e+00   1.908547807150e-07
   9.360000000000e+00   1.809033351158e-07
   9.370000000000e+00   1.714536261308e-07
   9.380000000000e+00   1.624812854167e-07
   9.390000000000e+00   1.539630792394e-07
   9.400000000000e+00   1.458768581478e-07
   9.410000000000e+00   1.382015087567e-07
   9.420000000000e+00   1.309169075540e-07
   9.430000000000e+00   1.240038766560e-07
   9.440000000000e+00   1.174441414308e-07
   9.450000000000e+00   1.112202899189e-07
   9.460000000000e+00   1.053157339780e-07
   9.470000000000e+00   9.971467208438e-08
   9.480000000000e+00   9.440205372453e-08
   9.490000000000e+00   8.936354531308e-08
   9.500000000000e+00   8.458549757645e-08
   9.510000000000e+00   8.005491434258e-08
   9.520000000000e+00   7.575942268020e-08
   9.530000000000e+00   7.168724433284e-08
   9.540000000000e+00   6.782716839491e-08
   9.550000000000e+00   6.416852517915e-08
   9.560000000000e+00   6.070116122674e-08
   9.570000000000e+00   5.741541541299e-08
   9.580000000000e+00   5.430209610361e-08
   9.590000000000e+00   5.135245931806e-08
   9.600000000000e+00   4.855818785814e-08
   9.610000000000e+00   4.591137136183e-08
   9.620000000000e+00   4.340448724359e-08
   9.630000000000e+00   4.103038248415e-08
   9.640000000000e+00   3.878225623394e-08
   9.650000000000e+00   3.665364319614e-08
   9.660000000000e+00   3.463839775613e-08
   9.670000000000e+00   3.273067882587e-08
   9.680000000000e+00   3.092493537278e-08
   9.690000000000e+00   2.921589260390e-08
   9.700000000000e+00   2.759853877733e-08
   9.710000000000e+00   2.606811261403e-08
   9.720000000000e+00   2.462009128411e-08
   9.730000000000e+00   2.325017894287e-08
   9.740000000000e+00   2.195429579276e-08
   9.750000000000e+00   2.072856764844e-08
   9.760000000000e+00   1.956931598298e-08
   9.770000000000e+00   1.847304843433e-08
   9.780000000000e+00   1.743644975164e-08
   9.790000000000e+00   1.645637316247e-08
   9.800000000000e+00   1.552983214196e-08
   9.810000000000e+00   1.465399256652e-08
   9.820000000000e+00   1.382616523480e-08
   9.830000000000e+00   1.304379873973e-08
   9.840000000000e+00   1.230447267595e-08
   9.850000000000e+00   1.160589116760e-08
   9.860000000000e+00   1.094587670221e-08
   9.870000000000e+00   1.032236425685e-08
   9.880000000000e+00   9.733395703420e-09
   9.890000000000e+00   9.177114480434e-09
   9.900000000000e+00   8.651760519246e-09
   9.910000000000e+00   8.155665413154e-09
   9.920000000000e+00   7.687247818302e-09
   9.930000000000e+00   7.245009075807e-09
   9.940000000000e+00   6.827529044967e-09
   9.950000000000e+00   6.433462137860e-09
   9.960000000000e+00   6.061533546051e-09
   9.970000000000e+00   5.710535650550e-09
   9.980000000000e+00   5.379324606518e-09
   9.990000000000e+00   5.066817094621e-09
   1.000000000000e+01   4.771987231269e-09
