   0.000000000000e+00   3.056056448657e-06
   4.882812500000e-02   2.613004661205e-06
   9.765625000000e-02   2.258362325815e-06
   1.464843750000e-01   1.971814914959e-06
   1.953125000000e-01   1.738189096031e-06
   2.441406250000e-01   1.546052195148e-06
   2.929687500000e-01   1.386716539721e-06
   3.417968750000e-01   1.253525668398e-06
   3.906250000000e-01   1.141338399889e-06
   4.394531250000e-01   1.046152917940e-06
   4.882812500000e-01   9.648307268179e-07
   5.371093750000e-01   8.948923946473e-07
   5.859375000000e-01   8.343652896472e-07
   6.347656250000e-01   7.816692519153e-07
   6.835937500000e-01   7.355301420208e-07
   7.324218750000e-01   6.949140216933e-07
   7.812500000000e-01   6.589767066685e-07
   8.300781250000e-01   6.270248513825e-07
   8.789062500000e-01   5.984857398732e-07
   9.277343750000e-01   5.728836914917e-07
   9.765625000000e-01   5.498215236435e-07
   1.025390625000e+00   5.289659035608e-07
   1.074218750000e+00   5.100357085350e-07
   1.123046875000e+00   4.927927264845e-07
   1.171875000000e+00   4.770341873788e-07
   1.220703125000e+00   4.625867343020e-07
   1.269531250000e+00   4.493015327516e-07
   1.318359375000e+00   4.370502842315e-07
   1.367187500000e+00   4.257219619022e-07
   1.416015625000e+00   4.152201254631e-07
   1.464843750000e+00   4.054607029112e-07
   1.513671875000e+00   3.963701502599e-07
   1.562500000000e+00   3.878839185999e-07
   1.611328125000e+00   3.799451721242e-07
   1.660156250000e+00   3.725037119290e-07
   1.708984375000e+00   3.655150692200e-07
   1.757812500000e+00   3.589397384983e-07
   1.806640625000e+00   3.527425268961e-07
   1.855468750000e+00   3.468920001723e-07
   1.904296875000e+00   3.413600094997e-07
   1.953125000000e+00   3.361212859760e-07
   2.001953125000e+00   3.311530920741e-07
   2.050781250000e+00   3.264349212547e-07
   2.099609375000e+00   3.219482380961e-07
   2.148437500000e+00   3.176762532614e-07
   2.197265625000e+00   3.136037276348e-07
   2.246093750000e+00   3.097168017415e-07
   2.294921875000e+00   3.060028466713e-07
   2.343750000000e+00   3.024503334917e-07
   2.392578125000e+00   2.990487186056e-07
   2.441406250000e+00   2.957883428413e-07
   2.490234375000e+00   2.926603424550e-07
   2.539062500000e+00   2.896565704582e-07
   2.587890625000e+00   2.867695269259e-07
   2.636718750000e+00   2.839922971339e-07
   2.685546875000e+00   2.813184965325e-07
   2.734375000000e+00   2.787422217133e-07
   2.783203125000e+00   2.762580066252e-07
   2.832031250000e+00   2.738607834103e-07
   2.880859375000e+00   2.715458473109e-07
   2.929687500000e+00   2.693088251653e-07
   2.978515625000e+00   2.671456470817e-07
   3.027343750000e+00   2.650525209294e-07
   3.076171875000e+00   2.630259093188e-07
   3.125000000000e+00   2.610625088134e-07
   3.173828125000e+00   2.591592311059e-07
   3.222656250000e+00   2.573131859793e-07
   3.271484375000e+00   2.555216658272e-07
   3.320312500000e+00   2.537821315917e-07
   3.369140625000e+00   2.520921999772e-07
   3.417968750000e+00   2.504496317492e-07
   3.466796875000e+00   2.488523211592e-07
   3.515625000000e+00   2.472982861796e-07
   3.564453125000e+00   2.457856596240e-07
   3.613281250000e+00   2.443126810065e-07
   3.662109375000e+00   2.428776890758e-07
   3.710937500000e+00   2.414791149623e-07
   3.759765625000e+00   2.401154758817e-07
   3.808593750000e+00   2.387853693410e-07
   3.857421875000e+00   2.374874678035e-07
   3.906250000000e+00   2.362205137713e-07
   3.955078125000e+00   2.349833152431e-07
   4.003906250000e+00   2.337747415258e-07
   4.052734375000e+00   2.325937193538e-07
   4.101562500000e+00   2.314392293023e-07
   4.150390625000e+00   2.303103024624e-07
   4.199218750000e+00   2.292060173582e-07
   4.248046875000e+00   2.281254970883e-07
   4.296875000000e+00   2.270679066624e-07
   4.345703125000e+00   2.260324505437e-07
   4.394531250000e+00   2.250183703383e-07
   4.443359375000e+00   2.240249426485e-07
   4.492187500000e+00   2.230514771009e-07
   4.541015625000e+00   2.220973144683e-07
   4.589843750000e+00   2.211618249379e-07
   4.638671875000e+00   2.202444064879e-07
   4.687500000000e+00   2.193444833732e-07
   4.736328125000e+00   2.184615047054e-07
   4.785156250000e+00   2.175949431252e-07
   4.833984375000e+00   2.167442935587e-07
   4.882812500000e+00   2.159090720522e-07
   4.931640625000e+00   2.150888146745e-07
   4.980468750000e+00   2.142830764951e-07
   5.029296875000e+00   2.134914306180e-07
   5.078125000000e+00   2.127134672746e-07
   5.126953125000e+00   2.119487929721e-07
   5.175781250000e+00   2.111970296913e-07
   5.224609375000e+00   2.104578141312e-07
   5.273437500000e+00   2.097307969979e-07
   5.322265625000e+00   2.090156423343e-07
   5.371093750000e+00   2.083120268871e-07
   5.419921875000e+00   2.076196395092e-07
   5.468750000000e+00   2.069381805980e-07
   5.517578125000e+00   2.062673615614e-07
   5.566406250000e+00   2.056069043153e-07
   5.615234375000e+00   2.049565408071e-07
   5.664062500000e+00   2.043160125661e-07
   5.712890625000e+00   2.036850702767e-07
   5.761718750000e+00   2.030634733750e-07
   5.810546875000e+00   2.024509896661e-07
   5.859375000000e+00   2.018473949613e-07
   5.908203125000e+00   2.012524727347e-07
   5.957031250000e+00   2.006660137962e-07
   6.005859375000e+00   2.000878159821e-07
   6.054687500000e+00   1.995176838608e-07
   6.103515625000e+00   1.989554284528e-07
   6.152343750000e+00   1.984008669656e-07
   6.201171875000e+00   1.978538225406e-07
   6.250000000000e+00   1.973141240131e-07
   6.298828125000e+00   1.967816056823e-07
   6.347656250000e+00   1.962561070968e-07
   6.396484375000e+00   1.957374728393e-07
   6.445312500000e+00   1.952255523396e-07
   6.494140625000e+00   1.947201996788e-07
   6.542968750000e+00   1.942212734117e-07
   6.591796875000e+00   1.937286363951e-07
   6.640625000000e+00   1.932421556277e-07
   6.689453125000e+00   1.927617020807e-07
   6.738281250000e+00   1.922871505650e-07
   6.787109375000e+00   1.918183795891e-07
   6.835937500000e+00   1.913552712057e-07
   6.884765625000e+00   1.908977108348e-07
   6.933593750000e+00   1.904455874402e-07
   6.982421875000e+00   1.899987928063e-07
   7.031250000000e+00   1.895572220100e-07
   7.080078125000e+00   1.891207730447e-07
   7.128906250000e+00   1.886893467505e-07
   7.177734375000e+00   1.882628467208e-07
   7.226562500000e+00   1.878411792069e-07
   7.275390625000e+00   1.874242530415e-07
   7.324218750000e+00   1.870119794857e-07
   7.373046875000e+00   1.866042722458e-07
   7.421875000000e+00   1.862010473221e-07
   7.470703125000e+00   1.858022229497e-07
   7.519531250000e+00   1.854077195438e-07
   7.568359375000e+00   1.850174595448e-07
   7.617187500000e+00   1.846313674792e-07
   7.666015625000e+00   1.842493698036e-07
   7.714843750000e+00   1.838713948649e-07
   7.763671875000e+00   1.834973728581e-07
   7.812500000000e+00   1.831272356889e-07
   7.861328125000e+00   1.827609170397e-07
   7.910156250000e+00   1.823983522307e-07
   7.958984375000e+00   1.820394781900e-07
   8.007812500000e+00   1.816842334213e-07
   8.056640625000e+00   1.813325578794e-07
   8.105468750000e+00   1.809843930426e-07
   8.154296875000e+00   1.806396817738e-07
   8.203125000000e+00   1.802983683570e-07
   8.251953125000e+00   1.799603983392e-07
   8.300781250000e+00   1.796257186068e-07
   8.349609375000e+00   1.792942772888e-07
   8.398437500000e+00   1.789660237311e-07
   8.447265625000e+00   1.786409084605e-07
   8.496093750000e+00   1.783188831502e-07
   8.544921875000e+00   1.779999005864e-07
   8.593750000000e+00   1.776839146353e-07
   8.642578125000e+00   1.773708802132e-07
   8.691406250000e+00   1.770607532580e-07
   8.740234375000e+00   1.767534906905e-07
   8.789062500000e+00   1.764490504015e-07
   8.837890625000e+00   1.761473912142e-07
   8.886718750000e+00   1.758484728606e-07
   8.935546875000e+00   1.755522559577e-07
   8.984375000000e+00   1.752587019805e-07
   9.033203125000e+00   1.749677732401e-07
   9.082031250000e+00   1.746794328603e-07
   9.130859375000e+00   1.743936447558e-07
   9.179687500000e+00   1.741103736106e-07
   9.228515625000e+00   1.738295848571e-07
   9.277343750000e+00   1.735512446565e-07
   9.326171875000e+00   1.732753198801e-07
   9.375000000000e+00   1.730017780872e-07
   9.423828125000e+00   1.727305875124e-07
   9.472656250000e+00   1.724617170427e-07
   9.521484375000e+00   1.721951362045e-07
   9.570312500000e+00   1.719308151446e-07
   9.619140625000e+00   1.716687246153e-07
   9.667968750000e+00   1.714088359586e-07
   9.716796875000e+00   1.711511210913e-07
   9.765625000000e+00   1.708955524902e-07
   9.814453125000e+00   1.706421031784e-07
   9.863281250000e+00   1.703907467115e-07
   9.912109375000e+00   1.701414571508e-07
   9.960937500000e+00   1.698942091034e-07
   1.000976562500e+01   1.696489776306e-07
   1.005859375000e+01   1.694057382892e-07
   1.010742187500e+01   1.691644671054e-07
   1.015625000000e+01   1.689251405640e-07
   1.020507812500e+01   1.686877355974e-07
   1.025390625000e+01   1.684522295744e-07
   1.030273437500e+01   1.682186002904e-07
   1.035156250000e+01   1.679868259567e-07
   1.040039062500e+01   1.677568851910e-07
   1.044921875000e+01   1.675287570077e-07
   1.049804687500e+01   1.673024208085e-07
   1.054687500000e+01   1.670778563736e-07
   1.059570312500e+01   1.668550438528e-07
   1.064453125000e+01   1.666339637571e-07
   1.069335937500e+01   1.664145969500e-07
   1.074218750000e+01   1.661969246401e-07
   1.079101562500e+01   1.659809283721e-07
   1.083984375000e+01   1.657665900215e-07
   1.088867187500e+01   1.655538917842e-07
   1.093750000000e+01   1.653428161714e-07
   1.098632812500e+01   1.651333460018e-07
   1.103515625000e+01   1.649254643948e-07
   1.108398437500e+01   1.647191547642e-07
   1.113281250000e+01   1.645144008112e-07
   1.118164062500e+01   1.643111865187e-07
   1.123046875000e+01   1.641094961446e-07
   1.127929687500e+01   1.639093142163e-07
   1.132812500000e+01   1.637106255248e-07
   1.137695312500e+01   1.635134151184e-07
   1.142578125000e+01   1.633176682983e-07
   1.147460937500e+01   1.631233706124e-07
   1.152343750000e+01   1.629305078506e-07
   1.157226562500e+01   1.627390660391e-07
   1.162109375000e+01   1.625490314361e-07
   1.166992187500e+01   1.623603905264e-07
   1.171875000000e+01   1.621731300172e-07
   1.176757812500e+01   1.619872368331e-07
   1.181640625000e+01   1.618026981114e-07
   1.186523437500e+01   1.616195011988e-07
   1.191406250000e+01   1.614376336458e-07
   1.196289062500e+01   1.612570831995e-07
   1.201171875000e+01   1.610778378158e-07
   1.206054687500e+01   1.608998856311e-07
   1.210937500000e+01   1.607232149712e-07
   1.215820312500e+01   1.605478143502e-07
   1.220703125000e+01   1.603736724617e-07
   1.225585937500e+01   1.602007781770e-07
   1.230468750000e+01   1.600291205412e-07
   1.235351562500e+01   1.598586887702e-07
   1.240234375000e+01   1.596894722468e-07
   1.245117187500e+01   1.595214605181e-07
   1.250000000000e+01   1.593546432916e-07
   1.254882812500e+01   1.591890104328e-07
   1.259765625000e+01   1.590245519619e-07
   1.264648437500e+01   1.588612580507e-07
   1.269531250000e+01   1.586991190200e-07
   1.274414062500e+01   1.585381253364e-07
   1.279296875000e+01   1.583782676100e-07
   1.284179687500e+01   1.582195365916e-07
   1.289062500000e+01   1.580619231696e-07
   1.293945312500e+01   1.579054183682e-07
   1.298828125000e+01   1.577500133445e-07
   1.303710937500e+01   1.575956993858e-07
   1.308593750000e+01   1.574424679076e-07
   1.313476562500e+01   1.572903104513e-07
   1.318359375000e+01   1.571392186815e-07
   1.323242187500e+01   1.569891843841e-07
   1.328125000000e+01   1.568401994642e-07
   1.333007812500e+01   1.566922559436e-07
   1.337890625000e+01   1.565453459636e-07
   1.342773437500e+01   1.563994617640e-07
   1.347656250000e+01   1.562545957102e-07
   1.352539062500e+01   1.561107402710e-07
   1.357421875000e+01   1.559678880223e-07
   1.362304687500e+01   1.558260316452e-07
   1.367187500000e+01   1.556851639239e-07
   1.372070312500e+01   1.555452777433e-07
   1.376953125000e+01   1.554063660898e-07
   1.381835937500e+01   1.552684220460e-07
   1.386718750000e+01   1.551314387916e-07
   1.391601562500e+01   1.549954096004e-07
   1.396484375000e+01   1.548603278397e-07
   1.401367187500e+01   1.547261869680e-07
   1.406250000000e+01   1.545929805497e-07
   1.411132812500e+01   1.544607021858e-07
   1.416015625000e+01   1.543293456244e-07
   1.420898437500e+01   1.541989046702e-07
   1.425781250000e+01   1.540693732176e-07
   1.430664062500e+01   1.539407452419e-07
   1.435546875000e+01   1.538130148010e-07
   1.440429687500e+01   1.536861760323e-07
   1.445312500000e+01   1.535602231520e-07
   1.450195312500e+01   1.534351504538e-07
   1.455078125000e+01   1.533109523073e-07
   1.459960937500e+01   1.531876231809e-07
   1.464843750000e+01   1.530651575225e-07
   1.469726562500e+01   1.529435499938e-07
   1.474609375000e+01   1.528227952338e-07
   1.479492187500e+01   1.527028879754e-07
   1.484375000000e+01   1.525838230205e-07
   1.489257812500e+01   1.524655952394e-07
   1.494140625000e+01   1.523481995693e-07
   1.499023437500e+01   1.522316310134e-07
   1.503906250000e+01   1.521158846401e-07
   1.508789062500e+01   1.520009555815e-07
   1.513671875000e+01   1.518868390331e-07
   1.518554687500e+01   1.517735302520e-07
   1.523437500000e+01   1.516610245568e-07
   1.528320312500e+01   1.515493173261e-07
   1.533203125000e+01   1.514384039979e-07
   1.538085937500e+01   1.513282800685e-07
   1.542968750000e+01   1.512189410918e-07
   1.547851562500e+01   1.511103826783e-07
   1.552734375000e+01   1.510026004945e-07
   1.557617187500e+01   1.508955902617e-07
   1.562500000000e+01   1.507893477556e-07
   1.567382812500e+01   1.506838688051e-07
   1.572265625000e+01   1.505791492919e-07
   1.577148437500e+01   1.504751851496e-07
   1.582031250000e+01   1.503719723628e-07
   1.586914062500e+01   1.502695069658e-07
   1.591796875000e+01   1.501677850450e-07
   1.596679687500e+01   1.500668027333e-07
   1.601562500000e+01   1.499665562130e-07
   1.606445312500e+01   1.498670417132e-07
   1.611328125000e+01   1.497682555107e-07
   1.616210937500e+01   1.496701939283e-07
   1.621093750000e+01   1.495728533345e-07
   1.625976562500e+01   1.494762301428e-07
   1.630859375000e+01   1.493803208109e-07
   1.635742187500e+01   1.492851218406e-07
   1.640625000000e+01   1.491906297766e-07
   1.645507812500e+01   1.490968412064e-07
   1.650390625000e+01   1.490037527594e-07
   1.655273437500e+01   1.489113611065e-07
   1.660156250000e+01   1.488196629594e-07
   1.665039062500e+01   1.487286550722e-07
   1.669921875000e+01   1.486383342329e-07
   1.674804687500e+01   1.485486972749e-07
   1.679687500000e+01   1.484597410597e-07
   1.684570312500e+01   1.483714625209e-07
   1.689453125000e+01   1.482838585793e-07
   1.694335937500e+01   1.481969262266e-07
   1.699218750000e+01   1.481106624832e-07
   1.704101562500e+01   1.480250644053e-07
   1.708984375000e+01   1.479401290855e-07
   1.713867187500e+01   1.478558536515e-07
   1.718750000000e+01   1.477722352661e-07
   1.723632812500e+01   1.476892711265e-07
   1.728515625000e+01   1.476069584639e-07
   1.733398437500e+01   1.475252945438e-07
   1.738281250000e+01   1.474442766645e-07
   1.743164062500e+01   1.473639021568e-07
   1.748046875000e+01   1.472841683844e-07
   1.752929687500e+01   1.472050727431e-07
   1.757812500000e+01   1.471266126602e-07
   1.762695312500e+01   1.470487855941e-07
   1.767578125000e+01   1.469715890345e-07
   1.772460937500e+01   1.468950205020e-07
   1.777343750000e+01   1.468190775455e-07
   1.782226562500e+01   1.467437577458e-07
   1.787109375000e+01   1.466690587123e-07
   1.791992187500e+01   1.465949780835e-07
   1.796875000000e+01   1.465215135271e-07
   1.801757812500e+01   1.464486627388e-07
   1.806640625000e+01   1.463764234427e-07
   1.811523437500e+01   1.463047933906e-07
   1.816406250000e+01   1.462337703617e-07
   1.821289062500e+01   1.461633521625e-07
   1.826171875000e+01   1.460935366264e-07
   1.831054687500e+01   1.460243216133e-07
   1.835937500000e+01   1.459557050095e-07
   1.840820312500e+01   1.458876847271e-07
   1.845703125000e+01   1.458202587041e-07
   1.850585937500e+01   1.457534249038e-07
   1.855468750000e+01   1.456871813148e-07
   1.860351562500e+01   1.456215259504e-07
   1.865234375000e+01   1.455564568487e-07
   1.870117187500e+01   1.454919720722e-07
   1.875000000000e+01   1.454280697070e-07
   1.879882812500e+01   1.453647478630e-07
   1.884765625000e+01   1.453020046754e-07
   1.889648437500e+01   1.452398383008e-07
   1.894531250000e+01   1.451782469196e-07
   1.899414062500e+01   1.451172287352e-07
   1.904296875000e+01   1.450567819733e-07
   1.909179687500e+01   1.449969048824e-07
   1.914062500000e+01   1.449375957329e-07
   1.918945312500e+01   1.448788528181e-07
   1.923828125000e+01   1.448206744510e-07
   1.928710937500e+01   1.447630589679e-07
   1.933593750000e+01   1.447060047261e-07
   1.938476562500e+01   1.446495101038e-07
   1.943359375000e+01   1.445935735003e-07
   1.948242187500e+01   1.445381933354e-07
   1.953125000000e+01   1.444833680497e-07
   1.958007812500e+01   1.444290961040e-07
   1.962890625000e+01   1.443753759793e-07
   1.967773437500e+01   1.443222061764e-07
   1.972656250000e+01   1.442695852161e-07
   1.977539062500e+01   1.442175116388e-07
   1.982421875000e+01   1.441659840042e-07
   1.987304687500e+01   1.441150008913e-07
   1.992187500000e+01   1.440645608982e-07
   1.997070312500e+01   1.440146626419e-07
   2.001953125000e+01   1.439653047581e-07
   2.006835937500e+01   1.439164859012e-07
   2.011718750000e+01   1.438682047440e-07
   2.016601562500e+01   1.438204599776e-07
   2.021484375000e+01   1.437732503111e-07
   2.026367187500e+01   1.437265744717e-07
   2.031250000000e+01   1.436804312043e-07
   2.036132812500e+01   1.436348192715e-07
   2.041015625000e+01   1.435897374537e-07
   2.045898437500e+01   1.435451845482e-07
   2.050781250000e+01   1.435011593700e-07
   2.055664062500e+01   1.434576607510e-07
   2.060546875000e+01   1.434146875400e-07
   2.065429687500e+01   1.433722386030e-07
   2.070312500000e+01   1.433303128224e-07
   2.075195312500e+01   1.432889090972e-07
   2.080078125000e+01   1.432480263431e-07
   2.084960937500e+01   1.432076634921e-07
   2.089843750000e+01   1.431678194921e-07
   2.094726562500e+01   1.431284933077e-07
   2.099609375000e+01   1.430896839189e-07
   2.104492187500e+01   1.430513903221e-07
   2.109375000000e+01   1.430136115290e-07
   2.114257812500e+01   1.429763465675e-07
   2.119140625000e+01   1.429395944805e-07
   2.124023437500e+01   1.429033543268e-07
   2.128906250000e+01   1.428676251804e-07
   2.133789062500e+01   1.428324061304e-07
   2.138671875000e+01   1.427976962812e-07
   2.143554687500e+01   1.427634947525e-07
   2.148437500000e+01   1.427298006784e-07
   2.153320312500e+01   1.426966132083e-07
   2.158203125000e+01   1.426639315062e-07
   2.163085937500e+01   1.426317547510e-07
   2.167968750000e+01   1.426000821358e-07
   2.172851562500e+01   1.425689128687e-07
   2.177734375000e+01   1.425382461717e-07
   2.182617187500e+01   1.425080812817e-07
   2.187500000000e+01   1.424784174494e-07
   2.192382812500e+01   1.424492539400e-07
   2.197265625000e+01   1.424205900326e-07
   2.202148437500e+01   1.423924250205e-07
   2.207031250000e+01   1.423647582109e-07
   2.211914062500e+01   1.423375889248e-07
   2.216796875000e+01   1.423109165006e-07
   2.221679687500e+01   1.422847402766e-07
   2.226562500000e+01   1.422590596252e-07
   2.231445312500e+01   1.422338739193e-07
   2.236328125000e+01   1.422091825481e-07
   2.241210937500e+01   1.421849849147e-07
   2.246093750000e+01   1.421612804355e-07
   2.250976562500e+01   1.421380685402e-07
   2.255859375000e+01   1.421153486720e-07
   2.260742187500e+01   1.420931202870e-07
   2.265625000000e+01   1.420713828549e-07
   2.270507812500e+01   1.420501358583e-07
   2.275390625000e+01   1.420293787931e-07
   2.280273437500e+01   1.420091111678e-07
   2.285156250000e+01   1.419893325045e-07
   2.290039062500e+01   1.419700423377e-07
   2.294921875000e+01   1.419512402151e-07
   2.299804687500e+01   1.419329256981e-07
   2.304687500000e+01   1.419150983581e-07
   2.309570312500e+01   1.418977577821e-07
   2.314453125000e+01   1.418809035689e-07
   2.319335937500e+01   1.418645353298e-07
   2.324218750000e+01   1.418486526891e-07
   2.329101562500e+01   1.418332552835e-07
   2.333984375000e+01   1.418183427620e-07
   2.338867187500e+01   1.418039147861e-07
   2.343750000000e+01   1.417899710310e-07
   2.348632812500e+01   1.417765111831e-07
   2.353515625000e+01   1.417635349415e-07
   2.358398437500e+01   1.417510420180e-07
   2.363281250000e+01   1.417390321366e-07
   2.368164062500e+01   1.417275050335e-07
   2.373046875000e+01   1.417164604576e-07
   2.377929687500e+01   1.417058981699e-07
   2.382812500000e+01   1.416958179434e-07
   2.387695312500e+01   1.416862195642e-07
   2.392578125000e+01   1.416771028299e-07
   2.397460937500e+01   1.416684675505e-07
   2.402343750000e+01   1.416603135482e-07
   2.407226562500e+01   1.416526406576e-07
   2.412109375000e+01   1.416454487252e-07
   2.416992187500e+01   1.416387376090e-07
   2.421875000000e+01   1.416325071816e-07
   2.426757812500e+01   1.416267573252e-07
   2.431640625000e+01   1.416214879350e-07
   2.436523437500e+01   1.416166989184e-07
   2.441406250000e+01   1.416123901947e-07
   2.446289062500e+01   1.416085616956e-07
   2.451171875000e+01   1.416052133647e-07
   2.456054687500e+01   1.416023451584e-07
   2.460937500000e+01   1.415999570430e-07
   2.465820312500e+01   1.415980489930e-07
   2.470703125000e+01   1.415966210129e-07
   2.475585937500e+01   1.415956731068e-07
   2.480468750000e+01   1.415952052783e-07
   2.485351562500e+01   1.415952175602e-07
   2.490234375000e+01   1.415957099965e-07
   2.495117187500e+01   1.415966826378e-07
   2.500000000000e+01   1.415981355488e-07
   2.504882812500e+01   1.416000688062e-07
   2.509765625000e+01   1.416024824989e-07
   2.514648437500e+01   1.416053767279e-07
   2.519531250000e+01   1.416087516063e-07
   2.524414062500e+01   1.416126072595e-07
   2.529296875000e+01   1.416169438249e-07
   2.534179687500e+01   1.416217614523e-07
   2.539062500000e+01   1.416270603036e-07
   2.543945312500e+01   1.416328405529e-07
   2.548828125000e+01   1.416391023866e-07
   2.553710937500e+01   1.416458460034e-07
   2.558593750000e+01   1.416530716142e-07
   2.563476562500e+01   1.416607794424e-07
   2.568359375000e+01   1.416689697275e-07
   2.573242187500e+01   1.416776427094e-07
   2.578125000000e+01   1.416867986527e-07
   2.583007812500e+01   1.416964378302e-07
   2.587890625000e+01   1.417065605270e-07
   2.592773437500e+01   1.417171670409e-07
   2.597656250000e+01   1.417282576822e-07
   2.602539062500e+01   1.417398327737e-07
   2.607421875000e+01   1.417518926508e-07
   2.612304687500e+01   1.417644376613e-07
   2.617187500000e+01   1.417774681662e-07
   2.622070312500e+01   1.417909845386e-07
   2.626953125000e+01   1.418049871647e-07
   2.631835937500e+01   1.418194764434e-07
   2.636718750000e+01   1.418344528130e-07
   2.641601562500e+01   1.418499166182e-07
   2.646484375000e+01   1.418658683762e-07
   2.651367187500e+01   1.418823085110e-07
   2.656250000000e+01   1.418992374859e-07
   2.661132812500e+01   1.419166557775e-07
   2.666015625000e+01   1.419345638753e-07
   2.670898437500e+01   1.419529622821e-07
   2.675781250000e+01   1.419718515139e-07
   2.680664062500e+01   1.419912320999e-07
   2.685546875000e+01   1.420111045828e-07
   2.690429687500e+01   1.420314695188e-07
   2.695312500000e+01   1.420523274766e-07
   2.700195312500e+01   1.420736790396e-07
   2.705078125000e+01   1.420955248151e-07
   2.709960937500e+01   1.421178653912e-07
   2.714843750000e+01   1.421407014029e-07
   2.719726562500e+01   1.421640334878e-07
   2.724609375000e+01   1.421878622975e-07
   2.729492187500e+01   1.422121884973e-07
   2.734375000000e+01   1.422370127666e-07
   2.739257812500e+01   1.422623357988e-07
   2.744140625000e+01   1.422881583014e-07
   2.749023437500e+01   1.423144809964e-07
   2.753906250000e+01   1.423413046197e-07
   2.758789062500e+01   1.423686299219e-07
   2.763671875000e+01   1.423964576678e-07
   2.768554687500e+01   1.424247886370e-07
   2.773437500000e+01   1.424536236236e-07
   2.778320312500e+01   1.424829634363e-07
   2.783203125000e+01   1.425128088989e-07
   2.788085937500e+01   1.425431608500e-07
   2.792968750000e+01   1.425740201430e-07
   2.797851562500e+01   1.426053876466e-07
   2.802734375000e+01   1.426372642448e-07
   2.807617187500e+01   1.426696508366e-07
   2.812500000000e+01   1.427025483366e-07
   2.817382812500e+01   1.427359576748e-07
   2.822265625000e+01   1.427698797969e-07
   2.827148437500e+01   1.428043156642e-07
   2.832031250000e+01   1.428392662540e-07
   2.836914062500e+01   1.428747325594e-07
   2.841796875000e+01   1.429107155896e-07
   2.846679687500e+01   1.429472163581e-07
   2.851562500000e+01   1.429842359297e-07
   2.856445312500e+01   1.430217753510e-07
   2.861328125000e+01   1.430598356968e-07
   2.866210937500e+01   1.430984180582e-07
   2.871093750000e+01   1.431375235434e-07
   2.875976562500e+01   1.431771532771e-07
   2.880859375000e+01   1.432173084014e-07
   2.885742187500e+01   1.432579900756e-07
   2.890625000000e+01   1.432991994760e-07
   2.895507812500e+01   1.433409377969e-07
   2.900390625000e+01   1.433832062494e-07
   2.905273437500e+01   1.434260060631e-07
   2.910156250000e+01   1.434693384851e-07
   2.915039062500e+01   1.435132047807e-07
   2.919921875000e+01   1.435576062332e-07
   2.924804687500e+01   1.436025441447e-07
   2.929687500000e+01   1.436480198354e-07
   2.934570312500e+01   1.436940346442e-07
   2.939453125000e+01   1.437405899291e-07
   2.944335937500e+01   1.437876870668e-07
   2.949218750000e+01   1.438353274491e-07
   2.954101562500e+01   1.438835124995e-07
   2.958984375000e+01   1.439322436493e-07
   2.963867187500e+01   1.439815223527e-07
   2.968750000000e+01   1.440313500843e-07
   2.973632812500e+01   1.440817283386e-07
   2.978515625000e+01   1.441326586306e-07
   2.983398437500e+01   1.441841424952e-07
   2.988281250000e+01   1.442361814885e-07
   2.993164062500e+01   1.442887771862e-07
   2.998046875000e+01   1.443419311882e-07
   3.002929687500e+01   1.443956451124e-07
   3.007812500000e+01   1.444499205993e-07
   3.012695312500e+01   1.445047593111e-07
   3.017578125000e+01   1.445601629320e-07
   3.022460937500e+01   1.446161331679e-07
   3.027343750000e+01   1.446726717475e-07
   3.032226562500e+01   1.447297804229e-07
   3.037109375000e+01   1.447874609657e-07
   3.041992187500e+01   1.448457151741e-07
   3.046875000000e+01   1.449045448680e-07
   3.051757812500e+01   1.449639518911e-07
   3.056640625000e+01   1.450239381109e-07
   3.061523437500e+01   1.450845054187e-07
   3.066406250000e+01   1.451456557304e-07
   3.071289062500e+01   1.452073909860e-07
   3.076171875000e+01   1.452697131506e-07
   3.081054687500e+01   1.453326242142e-07
   3.085937500000e+01   1.453961261957e-07
   3.090820312500e+01   1.454602211260e-07
   3.095703125000e+01   1.455249110821e-07
   3.100585937500e+01   1.455901981538e-07
   3.105468750000e+01   1.456560844607e-07
   3.110351562500e+01   1.457225721491e-07
   3.115234375000e+01   1.457896633927e-07
   3.120117187500e+01   1.458573603922e-07
   3.125000000000e+01   1.459256653762e-07
   3.129882812500e+01   1.459945806015e-07
   3.134765625000e+01   1.460641083530e-07
   3.139648437500e+01   1.461342509445e-07
   3.144531250000e+01   1.462050107185e-07
   3.149414062500e+01   1.462763900464e-07
   3.154296875000e+01   1.463483913319e-07
   3.159179687500e+01   1.464210170058e-07
   3.164062500000e+01   1.464942695308e-07
   3.168945312500e+01   1.465681514015e-07
   3.173828125000e+01   1.466426651390e-07
   3.178710937500e+01   1.467178133009e-07
   3.183593750000e+01   1.467935984703e-07
   3.188476562500e+01   1.468700232773e-07
   3.193359375000e+01   1.469470903748e-07
   3.198242187500e+01   1.470248024394e-07
   3.203125000000e+01   1.471031621954e-07
   3.208007812500e+01   1.471821723972e-07
   3.212890625000e+01   1.472618358328e-07
   3.217773437500e+01   1.473421553254e-07
   3.222656250000e+01   1.474231337333e-07
   3.227539062500e+01   1.475047739510e-07
   3.232421875000e+01   1.475870789089e-07
   3.237304687500e+01   1.476700515743e-07
   3.242187500000e+01   1.477536949517e-07
   3.247070312500e+01   1.478380120833e-07
   3.251953125000e+01   1.479230060494e-07
   3.256835937500e+01   1.480086799691e-07
   3.261718750000e+01   1.480950370008e-07
   3.266601562500e+01   1.481820803425e-07
   3.271484375000e+01   1.482698132325e-07
   3.276367187500e+01   1.483582389502e-07
   3.281250000000e+01   1.484473608160e-07
   3.286132812500e+01   1.485371821925e-07
   3.291015625000e+01   1.486277064849e-07
   3.295898437500e+01   1.487189371414e-07
   3.300781250000e+01   1.488108776539e-07
   3.305664062500e+01   1.489035315587e-07
   3.310546875000e+01   1.489969024371e-07
   3.315429687500e+01   1.490909939160e-07
   3.320312500000e+01   1.491858096685e-07
   3.325195312500e+01   1.492813534146e-07
   3.330078125000e+01   1.493776289219e-07
   3.334960937500e+01   1.494746400061e-07
   3.339843750000e+01   1.495723905322e-07
   3.344726562500e+01   1.496708844151e-07
   3.349609375000e+01   1.497701256186e-07
   3.354492187500e+01   1.498701181592e-07
   3.359375000000e+01   1.499708661047e-07
   3.364257812500e+01   1.500723735757e-07
   3.369140625000e+01   1.501746447461e-07
   3.374023437500e+01   1.502776838439e-07
   3.378906250000e+01   1.503814951524e-07
   3.383789062500e+01   1.504860830107e-07
   3.388671875000e+01   1.505914518144e-07
   3.393554687500e+01   1.506976060169e-07
   3.398437500000e+01   1.508045501300e-07
   3.403320312500e+01   1.509122887246e-07
   3.408203125000e+01   1.510208264323e-07
   3.413085937500e+01   1.511301679455e-07
   3.417968750000e+01   1.512403180189e-07
   3.422851562500e+01   1.513512814702e-07
   3.427734375000e+01   1.514630631814e-07
   3.432617187500e+01   1.515756680996e-07
   3.437500000000e+01   1.516891012375e-07
   3.442382812500e+01   1.518033676756e-07
   3.447265625000e+01   1.519184725624e-07
   3.452148437500e+01   1.520344211159e-07
   3.457031250000e+01   1.521512186242e-07
   3.461914062500e+01   1.522688704474e-07
   3.466796875000e+01   1.523873820182e-07
   3.471679687500e+01   1.525067588431e-07
   3.476562500000e+01   1.526270065041e-07
   3.481445312500e+01   1.527481306593e-07
   3.486328125000e+01   1.528701370445e-07
   3.491210937500e+01   1.529930314746e-07
   3.496093750000e+01   1.531168198444e-07
   3.500976562500e+01   1.532415081310e-07
   3.505859375000e+01   1.533671023937e-07
   3.510742187500e+01   1.534936087767e-07
   3.515625000000e+01   1.536210335097e-07
   3.520507812500e+01   1.537493829099e-07
   3.525390625000e+01   1.538786633830e-07
   3.530273437500e+01   1.540088814253e-07
   3.535156250000e+01   1.541400436247e-07
   3.540039062500e+01   1.542721566626e-07
   3.544921875000e+01   1.544052273156e-07
   3.549804687500e+01   1.545392624562e-07
   3.554687500000e+01   1.546742690573e-07
   3.559570312500e+01   1.548102541902e-07
   3.564453125000e+01   1.549472250287e-07
   3.569335937500e+01   1.550851888501e-07
   3.574218750000e+01   1.552241530378e-07
   3.579101562500e+01   1.553641250823e-07
   3.583984375000e+01   1.555051125836e-07
   3.588867187500e+01   1.556471232535e-07
   3.593750000000e+01   1.557901649167e-07
   3.598632812500e+01   1.559342455140e-07
   3.603515625000e+01   1.560793731033e-07
   3.608398437500e+01   1.562255558628e-07
   3.613281250000e+01   1.563728020913e-07
   3.618164062500e+01   1.565211202156e-07
   3.623046875000e+01   1.566705187854e-07
   3.627929687500e+01   1.568210064809e-07
   3.632812500000e+01   1.569725921134e-07
   3.637695312500e+01   1.571252846286e-07
   3.642578125000e+01   1.572790931059e-07
   3.647460937500e+01   1.574340267722e-07
   3.652343750000e+01   1.575900949855e-07
   3.657226562500e+01   1.577473072544e-07
   3.662109375000e+01   1.579056732336e-07
   3.666992187500e+01   1.580652027279e-07
   3.671875000000e+01   1.582259056952e-07
   3.676757812500e+01   1.583877922495e-07
   3.681640625000e+01   1.585508726643e-07
   3.686523437500e+01   1.587151573750e-07
   3.691406250000e+01   1.588806569829e-07
   3.696289062500e+01   1.590473822581e-07
   3.701171875000e+01   1.592153441432e-07
   3.706054687500e+01   1.593845537562e-07
   3.710937500000e+01   1.595550223948e-07
   3.715820312500e+01   1.597267615395e-07
   3.720703125000e+01   1.598997828577e-07
   3.725585937500e+01   1.600740982074e-07
   3.730468750000e+01   1.602497196409e-07
   3.735351562500e+01   1.604266594093e-07
   3.740234375000e+01   1.606049299665e-07
   3.745117187500e+01   1.607845439731e-07
   3.750000000000e+01   1.609655143011e-07
   3.754882812500e+01   1.611478540384e-07
   3.759765625000e+01   1.613315764934e-07
   3.764648437500e+01   1.615166951992e-07
   3.769531250000e+01   1.617032239191e-07
   3.774414062500e+01   1.618911766513e-07
   3.779296875000e+01   1.620805676340e-07
   3.784179687500e+01   1.622714113503e-07
   3.789062500000e+01   1.624637225343e-07
   3.793945312500e+01   1.626575161758e-07
   3.798828125000e+01   1.628528075266e-07
   3.803710937500e+01   1.630496121058e-07
   3.808593750000e+01   1.632479457062e-07
   3.813476562500e+01   1.634478244003e-07
   3.818359375000e+01   1.636492645458e-07
   3.823242187500e+01   1.638522827945e-07
   3.828125000000e+01   1.640568960957e-07
   3.833007812500e+01   1.642631217051e-07
   3.837890625000e+01   1.644709771914e-07
   3.842773437500e+01   1.646804804211e-07
   3.847656250000e+01   1.648916496536e-07
   3.852539062500e+01   1.651045034199e-07
   3.857421875000e+01   1.653190606188e-07
   3.862304687500e+01   1.655353404882e-07
   3.867187500000e+01   1.657533626376e-07
   3.872070312500e+01   1.659731470406e-07
   3.876953125000e+01   1.661947140478e-07
   3.881835937500e+01   1.664180843837e-07
   3.886718750000e+01   1.666432792023e-07
   3.891601562500e+01   1.668703200294e-07
   3.896484375000e+01   1.670992288164e-07
   3.901367187500e+01   1.673300279396e-07
   3.906250000000e+01   1.675627402108e-07
   3.911132812500e+01   1.677973888878e-07
   3.916015625000e+01   1.680339976862e-07
   3.920898437500e+01   1.682725907901e-07
   3.925781250000e+01   1.685131928646e-07
   3.930664062500e+01   1.687558290674e-07
   3.935546875000e+01   1.690005250621e-07
   3.940429687500e+01   1.692473070265e-07
   3.945312500000e+01   1.694962016807e-07
   3.950195312500e+01   1.697472362806e-07
   3.955078125000e+01   1.700004386448e-07
   3.959960937500e+01   1.702558371664e-07
   3.964843750000e+01   1.705134608279e-07
   3.969726562500e+01   1.707733392171e-07
   3.974609375000e+01   1.710355025430e-07
   3.979492187500e+01   1.712999816524e-07
   3.984375000000e+01   1.715668080472e-07
   3.989257812500e+01   1.718360139048e-07
   3.994140625000e+01   1.721076320826e-07
   3.999023437500e+01   1.723816961648e-07
   4.003906250000e+01   1.726582404541e-07
   4.008789062500e+01   1.729373000051e-07
   4.013671875000e+01   1.732189106448e-07
   4.018554687500e+01   1.735031089909e-07
   4.023437500000e+01   1.737899324760e-07
   4.028320312500e+01   1.740794193708e-07
   4.033203125000e+01   1.743716088073e-07
   4.038085937500e+01   1.746665408040e-07
   4.042968750000e+01   1.749642562910e-07
   4.047851562500e+01   1.752647971370e-07
   4.052734375000e+01   1.755682061763e-07
   4.057617187500e+01   1.758745272366e-07
   4.062500000000e+01   1.761838051711e-07
   4.067382812500e+01   1.764960858850e-07
   4.072265625000e+01   1.768114163695e-07
   4.077148437500e+01   1.771298447339e-07
   4.082031250000e+01   1.774514202391e-07
   4.086914062500e+01   1.777761933334e-07
   4.091796875000e+01   1.781042156883e-07
   4.096679687500e+01   1.784355402365e-07
   4.101562500000e+01   1.787702212107e-07
   4.106445312500e+01   1.791083141848e-07
   4.111328125000e+01   1.794498761154e-07
   4.116210937500e+01   1.797949653859e-07
   4.121093750000e+01   1.801436418518e-07
   4.125976562500e+01   1.804959668878e-07
   4.130859375000e+01   1.808520034371e-07
   4.135742187500e+01   1.812118160616e-07
   4.140625000000e+01   1.815754709955e-07
   4.145507812500e+01   1.819430361997e-07
   4.150390625000e+01   1.823145809475e-07
   4.155273437500e+01   1.826901782430e-07
   4.160156250000e+01   1.830699001645e-07
   4.165039062500e+01   1.834538226470e-07
   4.169921875000e+01   1.838420231904e-07
   4.174804687500e+01   1.842345814007e-07
   4.179687500000e+01   1.846315790622e-07
   4.184570312500e+01   1.850331002137e-07
   4.189453125000e+01   1.854392312263e-07
   4.194335937500e+01   1.858500608863e-07
   4.199218750000e+01   1.862656804800e-07
   4.204101562500e+01   1.866861838828e-07
   4.208984375000e+01   1.871116676524e-07
   4.213867187500e+01   1.875422311254e-07
   4.218750000000e+01   1.879779765186e-07
   4.223632812500e+01   1.884190090342e-07
   4.228515625000e+01   1.888654369698e-07
   4.233398437500e+01   1.893173718351e-07
   4.238281250000e+01   1.897749284695e-07
   4.243164062500e+01   1.902382251691e-07
   4.248046875000e+01   1.907073838179e-07
   4.252929687500e+01   1.911825300244e-07
   4.257812500000e+01   1.916637932635e-07
   4.262695312500e+01   1.921513070350e-07
   4.267578125000e+01   1.926452090080e-07
   4.272460937500e+01   1.931456411945e-07
   4.277343750000e+01   1.936527501137e-07
   4.282226562500e+01   1.941666869856e-07
   4.287109375000e+01   1.946876079055e-07
   4.291992187500e+01   1.952156740499e-07
   4.296875000000e+01   1.957510518823e-07
   4.301757812500e+01   1.962939133713e-07
   4.306640625000e+01   1.968444362189e-07
   4.311523437500e+01   1.974028041020e-07
   4.316406250000e+01   1.979692069178e-07
   4.321289062500e+01   1.985438410579e-07
   4.326171875000e+01   1.991269096796e-07
   4.331054687500e+01   1.997186229998e-07
   4.335937500000e+01   2.003191986017e-07
   4.340820312500e+01   2.009288617582e-07
   4.345703125000e+01   2.015478457711e-07
   4.350585937500e+01   2.021763923293e-07
   4.355468750000e+01   2.028147518846e-07
   4.360351562500e+01   2.034631840501e-07
   4.365234375000e+01   2.041219580160e-07
   4.370117187500e+01   2.047913529916e-07
   4.375000000000e+01   2.054716586694e-07
   4.379882812500e+01   2.061631757159e-07
   4.384765625000e+01   2.068662162888e-07
   4.389648437500e+01   2.075811045832e-07
   4.394531250000e+01   2.083081774087e-07
   4.399414062500e+01   2.090477847930e-07
   4.404296875000e+01   2.098002906521e-07
   4.409179687500e+01   2.105660734344e-07
   4.414062500000e+01   2.113455268675e-07
   4.418945312500e+01   2.121390607149e-07
   4.423828125000e+01   2.129471015859e-07
   4.428710937500e+01   2.137700937916e-07
   4.433593750000e+01   2.146085002542e-07
   4.438476562500e+01   2.154628034696e-07
   4.443359375000e+01   2.163335065302e-07
   4.448242187500e+01   2.172211342088e-07
   4.453125000000e+01   2.181262341099e-07
   4.458007812500e+01   2.190493778995e-07
   4.462890625000e+01   2.199911625948e-07
   4.467773437500e+01   2.209522119657e-07
   4.472656250000e+01   2.219331779863e-07
   4.477539062500e+01   2.229347424196e-07
   4.482421875000e+01   2.239576184695e-07
   4.487304687500e+01   2.250025525806e-07
   4.492187500000e+01   2.260703263209e-07
   4.497070312500e+01   2.271617584097e-07
   4.501953125000e+01   2.282777068768e-07
   4.506835937500e+01   2.294190713684e-07
   4.511718750000e+01   2.305867956126e-07
   4.516601562500e+01   2.317818700534e-07
   4.521484375000e+01   2.330053346689e-07
   4.526367187500e+01   2.342582819552e-07
   4.531250000000e+01   2.355418602781e-07
   4.536132812500e+01   2.368572771362e-07
   4.541015625000e+01   2.382058030779e-07
   4.545898437500e+01   2.395887755191e-07
   4.550781250000e+01   2.410076030771e-07
   4.555664062500e+01   2.424637702317e-07
   4.560546875000e+01   2.439588421290e-07
   4.565429687500e+01   2.454944699668e-07
   4.570312500000e+01   2.470723966691e-07
   4.575195312500e+01   2.486944630842e-07
   4.580078125000e+01   2.503626145318e-07
   4.584960937500e+01   2.520789079934e-07
   4.589843750000e+01   2.538455197980e-07
   4.594726562500e+01   2.556647539413e-07
   4.599609375000e+01   2.575390510655e-07
   4.604492187500e+01   2.594709981849e-07
   4.609375000000e+01   2.614633391736e-07
   4.614257812500e+01   2.635189861539e-07
   4.619140625000e+01   2.656410318148e-07
   4.624023437500e+01   2.678327627751e-07
   4.628906250000e+01   2.700976740782e-07
   4.633789062500e+01   2.724394849329e-07
   4.638671875000e+01   2.748621558169e-07
   4.643554687500e+01   2.773699070762e-07
   4.648437500000e+01   2.799672391677e-07
   4.653320312500e+01   2.826589547059e-07
   4.658203125000e+01   2.854501825008e-07
   4.663085937500e+01   2.883464037737e-07
   4.667968750000e+01   2.913534808153e-07
   4.672851562500e+01   2.944776881566e-07
   4.677734375000e+01   2.977257470263e-07
   4.682617187500e+01   3.011048625865e-07
   4.687500000000e+01   3.046227651048e-07
   4.692382812500e+01   3.082877549618e-07
   4.697265625000e+01   3.121087520947e-07
   4.702148437500e+01   3.160953502926e-07
   4.707031250000e+01   3.202578769936e-07
   4.711914062500e+01   3.246074590704e-07
   4.716796875000e+01   3.291560953435e-07
   4.721679687500e+01   3.339167366299e-07
   4.726562500000e+01   3.389033741385e-07
   4.731445312500e+01   3.441311372427e-07
   4.736328125000e+01   3.496164017281e-07
   4.741210937500e+01   3.553769097894e-07
   4.746093750000e+01   3.614319032131e-07
   4.750976562500e+01   3.678022713884e-07
   4.755859375000e+01   3.745107160128e-07
   4.760742187500e+01   3.815819346175e-07
   4.765625000000e+01   3.890428254380e-07
   4.770507812500e+01   3.969227162432e-07
   4.775390625000e+01   4.052536206036e-07
   4.780273437500e+01   4.140705251453e-07
   4.785156250000e+01   4.234117121656e-07
   4.790039062500e+01   4.333191226038e-07
   4.794921875000e+01   4.438387651647e-07
   4.799804687500e+01   4.550211783750e-07
   4.804687500000e+01   4.669219535206e-07
   4.809570312500e+01   4.796023277596e-07
   4.814453125000e+01   4.931298583949e-07
   4.819335937500e+01   5.075791912909e-07
   4.824218750000e+01   5.230329388491e-07
   4.829101562500e+01   5.395826859267e-07
   4.833984375000e+01   5.573301457268e-07
   4.838867187500e+01   5.763884921590e-07
   4.843750000000e+01   5.968839005028e-07
   4.848632812500e+01   6.189573357925e-07
   4.853515625000e+01   6.427666355866e-07
   4.858398437500e+01   6.684889462869e-07
   4.863281250000e+01   6.963235839495e-07
   4.868164062500e+01   7.264954098021e-07
   4.873046875000e+01   7.592588309652e-07
   4.877929687500e+01   7.949025666734e-07
   4.882812500000e+01   8.337553562921e-07
   4.887695312500e+01   8.761928334774e-07
   4.892578125000e+01   9.226458532119e-07
   4.897460937500e+01   9.736106406426e-07
   4.902343750000e+01   1.029661239301e-06
   4.907226562500e+01   1.091464880951e-06
   4.912109375000e+01   1.159801093047e-06
   4.916992187500e+01   1.235585620664e-06
   4.921875000000e+01   1.319900592839e-06
   4.926757812500e+01   1.414032845497e-06
   4.931640625000e+01   1.519522972901e-06
   4.936523437500e+01   1.638228590659e-06
   4.941406250000e+01   1.772406556880e-06
   4.946289062500e+01   1.924820662030e-06
   4.951171875000e+01   2.098883774390e-06
   4.956054687500e+01   2.298846927771e-06
   4.960937500000e+01   2.530052810585e-06
   4.965820312500e+01   2.799278226685e-06
   4.970703125000e+01   3.115200329637e-06
   4.975585937500e+01   3.489036241803e-06
   4.980468750000e+01   3.935427242342e-06
   4.985351562500e+01   4.473670324705e-06
   4.990234375000e+01   5.129446559880e-06
   4.995117187500e+01   5.937264912438e-06
   5.000000000000e+01   6.943943551873e-06
