0.000000000000000e+00 	  3.056056448586624e-07
4.882812500000000e-02 	  2.613004661156147e-07
9.765625000000000e-02 	  2.258362325785619e-07
1.464843750000000e-01 	  1.971814914936040e-07
1.953125000000000e-01 	  1.738189096008265e-07
2.441406250000000e-01 	  1.546052195126969e-07
2.929687500000000e-01 	  1.386716539696503e-07
3.417968750000000e-01 	  1.253525668382535e-07
3.906250000000000e-01 	  1.141338399872750e-07
4.394531250000000e-01 	  1.046152917927493e-07
4.882812500000000e-01 	  9.648307267948233e-08
5.371093750000000e-01 	  8.948923945725358e-08
5.859375000000000e-01 	  8.343652896028925e-08
6.347656250000000e-01 	  7.816692518410213e-08
6.835937500000000e-01 	  7.355301419800162e-08
7.324218750000000e-01 	  6.949140216684924e-08
7.812500000000000e-01 	  6.589767066508734e-08
8.300781250000000e-01 	  6.270248513757855e-08
8.789062500000000e-01 	  5.984857398656893e-08
9.277343750000000e-01 	  5.728836914857507e-08
9.765625000000000e-01 	  5.498215236387786e-08
1.025390625000000e+00 	  5.289659035571903e-08
1.074218750000000e+00 	  5.100357085222316e-08
1.123046875000000e+00 	  4.927927264751128e-08
1.171875000000000e+00 	  4.770341873720338e-08
1.220703125000000e+00 	  4.625867342967364e-08
1.269531250000000e+00 	  4.493015327455161e-08
1.318359375000000e+00 	  4.370502842265248e-08
1.367187500000000e+00 	  4.257219618976599e-08
1.416015625000000e+00 	  4.152201254592323e-08
1.464843750000000e+00 	  4.054607029075908e-08
1.513671875000000e+00 	  3.963701502564969e-08
1.562500000000000e+00 	  3.878839185966389e-08
1.611328125000000e+00 	  3.799451721206525e-08
1.660156250000000e+00 	  3.725037119256262e-08
1.708984375000000e+00 	  3.655150692149992e-08
1.757812500000000e+00 	  3.589397384938976e-08
1.806640625000000e+00 	  3.527425268919788e-08
1.855468750000000e+00 	  3.468920001684840e-08
1.904296875000000e+00 	  3.413600094957822e-08
1.953125000000000e+00 	  3.361212859661550e-08
2.001953125000000e+00 	  3.311530920663150e-08
2.050781250000000e+00 	  3.264349212278513e-08
2.099609375000000e+00 	  3.219482380773895e-08
2.148437500000000e+00 	  3.176762532479828e-08
2.197265625000000e+00 	  3.136037276247847e-08
2.246093750000000e+00 	  3.097168017334095e-08
2.294921875000000e+00 	  3.060028466628967e-08
2.343750000000000e+00 	  3.024503334847457e-08
2.392578125000000e+00 	  2.990487185997240e-08
2.441406250000000e+00 	  2.957883428360730e-08
2.490234375000000e+00 	  2.926603424501640e-08
2.539062500000000e+00 	  2.896565704536133e-08
2.587890625000000e+00 	  2.867695269215308e-08
2.636718750000000e+00 	  2.839922971291985e-08
2.685546875000000e+00 	  2.813184965279594e-08
2.734375000000000e+00 	  2.787422217090205e-08
2.783203125000000e+00 	  2.762580066209724e-08
2.832031250000000e+00 	  2.738607834062407e-08
2.880859375000000e+00 	  2.715458473067376e-08
2.929687500000000e+00 	  2.693088251611474e-08
2.978515625000000e+00 	  2.671456470785604e-08
3.027343750000000e+00 	  2.650525209262892e-08
3.076171875000000e+00 	  2.630259093155216e-08
3.125000000000000e+00 	  2.610625088079043e-08
3.173828125000000e+00 	  2.591592311002796e-08
3.222656250000000e+00 	  2.573131859741962e-08
3.271484375000000e+00 	  2.555216658224851e-08
3.320312500000000e+00 	  2.537821315872894e-08
3.369140625000000e+00 	  2.520921999634684e-08
3.417968750000000e+00 	  2.504496317378597e-08
3.466796875000000e+00 	  2.488523211498396e-08
3.515625000000000e+00 	  2.472982861714802e-08
3.564453125000000e+00 	  2.457856596169713e-08
3.613281250000000e+00 	  2.443126810002944e-08
3.662109375000000e+00 	  2.428776890701646e-08
3.710937500000000e+00 	  2.414791149572090e-08
3.759765625000000e+00 	  2.401154758769329e-08
3.808593750000000e+00 	  2.387853693364090e-08
3.857421875000000e+00 	  2.374874677991078e-08
3.906250000000000e+00 	  2.362205137663604e-08
3.955078125000000e+00 	  2.349833152383229e-08
4.003906250000000e+00 	  2.337747415209864e-08
4.052734375000000e+00 	  2.325937193490834e-08
4.101562500000000e+00 	  2.314392292976756e-08
4.150390625000000e+00 	  2.303103024578416e-08
4.199218750000000e+00 	  2.292060173542109e-08
4.248046875000000e+00 	  2.281254970842357e-08
4.296875000000000e+00 	  2.270679066608949e-08
4.345703125000000e+00 	  2.260324505422916e-08
4.394531250000000e+00 	  2.250183703330710e-08
4.443359375000000e+00 	  2.240249426439589e-08
4.492187500000000e+00 	  2.230514770969609e-08
4.541015625000000e+00 	  2.220973144648380e-08
4.589843750000000e+00 	  2.211618249345022e-08
4.638671875000000e+00 	  2.202444064848539e-08
4.687500000000000e+00 	  2.193444833704049e-08
4.736328125000000e+00 	  2.184615047027657e-08
4.785156250000000e+00 	  2.175949431227461e-08
4.833984375000000e+00 	  2.167442935564088e-08
4.882812500000000e+00 	  2.159090720489905e-08
4.931640625000000e+00 	  2.150888146710766e-08
4.980468750000000e+00 	  2.142830764918846e-08
5.029296875000000e+00 	  2.134914306149257e-08
5.078125000000000e+00 	  2.127134672716774e-08
5.126953125000000e+00 	  2.119487929692569e-08
5.175781250000000e+00 	  2.111970296883912e-08
5.224609375000000e+00 	  2.104578141282624e-08
5.273437500000000e+00 	  2.097307969950861e-08
5.322265625000000e+00 	  2.090156423314902e-08
5.371093750000000e+00 	  2.083120268840079e-08
5.419921875000000e+00 	  2.076196395061891e-08
5.468750000000000e+00 	  2.069381805950144e-08
5.517578125000000e+00 	  2.062673615584738e-08
5.566406250000000e+00 	  2.056069043123215e-08
5.615234375000000e+00 	  2.049565408041627e-08
5.664062500000000e+00 	  2.043160125631606e-08
5.712890625000000e+00 	  2.036850702737750e-08
5.761718750000000e+00 	  2.030634733720470e-08
5.810546875000000e+00 	  2.024509896630613e-08
5.859375000000000e+00 	  2.018473949582965e-08
5.908203125000000e+00 	  2.012524727316749e-08
5.957031250000000e+00 	  2.006660137931955e-08
6.005859375000000e+00 	  2.000878159791140e-08
6.054687500000000e+00 	  1.995176838577000e-08
6.103515625000000e+00 	  1.989554284496387e-08
6.152343750000000e+00 	  1.984008669624268e-08
6.201171875000000e+00 	  1.978538225373863e-08
6.250000000000000e+00 	  1.973141240095393e-08
6.298828125000000e+00 	  1.967816056786605e-08
6.347656250000000e+00 	  1.962561070914653e-08
6.396484375000000e+00 	  1.957374728341145e-08
6.445312500000000e+00 	  1.952255523345052e-08
6.494140625000000e+00 	  1.947201996738091e-08
6.542968750000000e+00 	  1.942212734067607e-08
6.591796875000000e+00 	  1.937286363902230e-08
6.640625000000000e+00 	  1.932421556195963e-08
6.689453125000000e+00 	  1.927617020726262e-08
6.738281250000000e+00 	  1.922871505602925e-08
6.787109375000000e+00 	  1.918183795843144e-08
6.835937500000000e+00 	  1.913552712010051e-08
6.884765625000000e+00 	  1.908977108911146e-08
6.933593750000000e+00 	  1.904455874353654e-08
6.982421875000000e+00 	  1.899987927953910e-08
7.031250000000000e+00 	  1.895572219998047e-08
7.080078125000000e+00 	  1.891207730351452e-08
7.128906250000000e+00 	  1.886893467414488e-08
7.177734375000000e+00 	  1.882628467122396e-08
7.226562500000000e+00 	  1.878411791986968e-08
7.275390625000000e+00 	  1.874242530178152e-08
7.324218750000000e+00 	  1.870119794643583e-08
7.373046875000000e+00 	  1.866042722264248e-08
7.421875000000000e+00 	  1.862010473044542e-08
7.470703125000000e+00 	  1.858022229335126e-08
7.519531250000000e+00 	  1.854077195087010e-08
7.568359375000000e+00 	  1.850174595135443e-08
7.617187500000000e+00 	  1.846313674512187e-08
7.666015625000000e+00 	  1.842493697784917e-08
7.714843750000000e+00 	  1.838713948422455e-08
7.763671875000000e+00 	  1.834973728184722e-08
7.812500000000000e+00 	  1.831272356536178e-08
7.861328125000000e+00 	  1.827609170082101e-08
7.910156250000000e+00 	  1.823983522025750e-08
7.958984375000000e+00 	  1.820394781646718e-08
8.007812500000000e+00 	  1.816842333798631e-08
8.056640625000000e+00 	  1.813325578425705e-08
8.105468750000000e+00 	  1.809843930097275e-08
8.154296875000000e+00 	  1.806396817559550e-08
8.203125000000000e+00 	  1.802983683303811e-08
8.251953125000000e+00 	  1.799603983150389e-08
8.300781250000000e+00 	  1.796257185847735e-08
8.349609375000000e+00 	  1.792942772685945e-08
8.398437500000000e+00 	  1.789660237124148e-08
8.447265625000000e+00 	  1.786409084431163e-08
8.496093750000000e+00 	  1.783188831338889e-08
8.544921875000000e+00 	  1.779999005707895e-08
8.593750000000000e+00 	  1.776839146204743e-08
8.642578125000000e+00 	  1.773708801990440e-08
8.691406250000000e+00 	  1.770607532419855e-08
8.740234375000000e+00 	  1.767534906751281e-08
8.789062500000000e+00 	  1.764490503866037e-08
8.837890625000000e+00 	  1.761473911997576e-08
8.886718750000000e+00 	  1.758484728469746e-08
8.935546875000000e+00 	  1.755522559443864e-08
8.984375000000000e+00 	  1.752587019674223e-08
9.033203125000000e+00 	  1.749677732271753e-08
9.082031250000000e+00 	  1.746794328475463e-08
9.130859375000000e+00 	  1.743936447431418e-08
9.179687500000000e+00 	  1.741103735978985e-08
9.228515625000000e+00 	  1.738295848443750e-08
9.277343750000000e+00 	  1.735512446437705e-08
9.326171875000000e+00 	  1.732753198665267e-08
9.375000000000000e+00 	  1.730017780735807e-08
9.423828125000000e+00 	  1.727305874982084e-08
9.472656250000000e+00 	  1.724617170284408e-08
9.521484375000000e+00 	  1.721951361900356e-08
9.570312500000000e+00 	  1.719308151299806e-08
9.619140625000000e+00 	  1.716687246005108e-08
9.667968750000000e+00 	  1.714088359436215e-08
9.716796875000000e+00 	  1.711511210760576e-08
9.765625000000000e+00 	  1.708955524747630e-08
9.814453125000000e+00 	  1.706421031627755e-08
9.863281250000000e+00 	  1.703907466955472e-08
9.912109375000000e+00 	  1.701414571476790e-08
9.960937500000000e+00 	  1.698942091000544e-08
1.000976562500000e+01 	  1.696489776273556e-08
1.005859375000000e+01 	  1.694057382859516e-08
1.010742187500000e+01 	  1.691644671021462e-08
1.015625000000000e+01 	  1.689251405607700e-08
1.020507812500000e+01 	  1.686877355941058e-08
1.025390625000000e+01 	  1.684522295711405e-08
1.030273437500000e+01 	  1.682186002871237e-08
1.035156250000000e+01 	  1.679868259534309e-08
1.040039062500000e+01 	  1.677568851877171e-08
1.044921875000000e+01 	  1.675287570043518e-08
1.049804687500000e+01 	  1.673024208051239e-08
1.054687500000000e+01 	  1.670778563702175e-08
1.059570312500000e+01 	  1.668550438494278e-08
1.064453125000000e+01 	  1.666339637536370e-08
1.069335937500000e+01 	  1.664145969465210e-08
1.074218750000000e+01 	  1.661969246364878e-08
1.079101562500000e+01 	  1.659809283688415e-08
1.083984375000000e+01 	  1.657665900181504e-08
1.088867187500000e+01 	  1.655538917808458e-08
1.093750000000000e+01 	  1.653428161680011e-08
1.098632812500000e+01 	  1.651333459982810e-08
1.103515625000000e+01 	  1.649254643912616e-08
1.108398437500000e+01 	  1.647191547605660e-08
1.113281250000000e+01 	  1.645144008075460e-08
1.118164062500000e+01 	  1.643111865149525e-08
1.123046875000000e+01 	  1.641094961408086e-08
1.127929687500000e+01 	  1.639093142124438e-08
1.132812500000000e+01 	  1.637106255206889e-08
1.137695312500000e+01 	  1.635134151142179e-08
1.142578125000000e+01 	  1.633176682940403e-08
1.147460937500000e+01 	  1.631233706081354e-08
1.152343750000000e+01 	  1.629305078462253e-08
1.157226562500000e+01 	  1.627390660346822e-08
1.162109375000000e+01 	  1.625490314315662e-08
1.166992187500000e+01 	  1.623603905217892e-08
1.171875000000000e+01 	  1.621731300124029e-08
1.176757812500000e+01 	  1.619872368280042e-08
1.181640625000000e+01 	  1.618026981062570e-08
1.186523437500000e+01 	  1.616195011935264e-08
1.191406250000000e+01 	  1.614376336406215e-08
1.196289062500000e+01 	  1.612570831986441e-08
1.201171875000000e+01 	  1.610778378149405e-08
1.206054687500000e+01 	  1.608998856291523e-08
1.210937500000000e+01 	  1.607232149693648e-08
1.215820312500000e+01 	  1.605478143483490e-08
1.220703125000000e+01 	  1.603736724598958e-08
1.225585937500000e+01 	  1.602007781752381e-08
1.230468750000000e+01 	  1.600291205395602e-08
1.235351562500000e+01 	  1.598586887685906e-08
1.240234375000000e+01 	  1.596894722452762e-08
1.245117187500000e+01 	  1.595214605165364e-08
1.250000000000000e+01 	  1.593546432900942e-08
1.254882812500000e+01 	  1.591890104313815e-08
1.259765625000000e+01 	  1.590245519605187e-08
1.264648437500000e+01 	  1.588612580493637e-08
1.269531250000000e+01 	  1.586991190186314e-08
1.274414062500000e+01 	  1.585381253350787e-08
1.279296875000000e+01 	  1.583782676087563e-08
1.284179687500000e+01 	  1.582195365903228e-08
1.289062500000000e+01 	  1.580619231684217e-08
1.293945312500000e+01 	  1.579054183671175e-08
1.298828125000000e+01 	  1.577500133433914e-08
1.303710937500000e+01 	  1.575956993846929e-08
1.308593750000000e+01 	  1.574424679065477e-08
1.313476562500000e+01 	  1.572903104502208e-08
1.318359375000000e+01 	  1.571392186804266e-08
1.323242187500000e+01 	  1.569891843831003e-08
1.328125000000000e+01 	  1.568401994632085e-08
1.333007812500000e+01 	  1.566922559426164e-08
1.337890625000000e+01 	  1.565453459579966e-08
1.342773437500000e+01 	  1.563994617587893e-08
1.347656250000000e+01 	  1.562545957052028e-08
1.352539062500000e+01 	  1.561107402662604e-08
1.357421875000000e+01 	  1.559678880178896e-08
1.362304687500000e+01 	  1.558260316410525e-08
1.367187500000000e+01 	  1.556851639199163e-08
1.372070312500000e+01 	  1.555452777400651e-08
1.376953125000000e+01 	  1.554063660867482e-08
1.381835937500000e+01 	  1.552684220431670e-08
1.386718750000000e+01 	  1.551314387887985e-08
1.391601562500000e+01 	  1.549954095977542e-08
1.396484375000000e+01 	  1.548603278371741e-08
1.401367187500000e+01 	  1.547261869656550e-08
1.406250000000000e+01 	  1.545929805317108e-08
1.411132812500000e+01 	  1.544607021722667e-08
1.416015625000000e+01 	  1.543293456111834e-08
1.420898437500000e+01 	  1.541989046578137e-08
1.425781250000000e+01 	  1.540693732055874e-08
1.430664062500000e+01 	  1.539407452306302e-08
1.435546875000000e+01 	  1.538130147903943e-08
1.440429687500000e+01 	  1.536861760223499e-08
1.445312500000000e+01 	  1.535602231426704e-08
1.450195312500000e+01 	  1.534351504449616e-08
1.455078125000000e+01 	  1.533109522990131e-08
1.459960937500000e+01 	  1.531876231495754e-08
1.464843750000000e+01 	  1.530651575151613e-08
1.469726562500000e+01 	  1.529435499868719e-08
1.474609375000000e+01 	  1.528227952272452e-08
1.479492187500000e+01 	  1.527028879691316e-08
1.484375000000000e+01 	  1.525838230145855e-08
1.489257812500000e+01 	  1.524655952337833e-08
1.494140625000000e+01 	  1.523481995639636e-08
1.499023437500000e+01 	  1.522316310083953e-08
1.503906250000000e+01 	  1.521158846353199e-08
1.508789062500000e+01 	  1.520009555770090e-08
1.513671875000000e+01 	  1.518868390287464e-08
1.518554687500000e+01 	  1.517735302478761e-08
1.523437500000000e+01 	  1.516610245528608e-08
1.528320312500000e+01 	  1.515493173223576e-08
1.533203125000000e+01 	  1.514384039943125e-08
1.538085937500000e+01 	  1.513282800650869e-08
1.542968750000000e+01 	  1.512189410885247e-08
1.547851562500000e+01 	  1.511103826751927e-08
1.552734375000000e+01 	  1.510026004914773e-08
1.557617187500000e+01 	  1.508955902587797e-08
1.562500000000000e+01 	  1.507893477527089e-08
1.567382812500000e+01 	  1.506838688022908e-08
1.572265625000000e+01 	  1.505791492891921e-08
1.577148437500000e+01 	  1.504751851469589e-08
1.582031250000000e+01 	  1.503719723602693e-08
1.586914062500000e+01 	  1.502695069642008e-08
1.591796875000000e+01 	  1.501677850435106e-08
1.596679687500000e+01 	  1.500668027319299e-08
1.601562500000000e+01 	  1.499665562114713e-08
1.606445312500000e+01 	  1.498670417117485e-08
1.611328125000000e+01 	  1.497682555093097e-08
1.616210937500000e+01 	  1.496701939269822e-08
1.621093750000000e+01 	  1.495728533332297e-08
1.625976562500000e+01 	  1.494762301415218e-08
1.630859375000000e+01 	  1.493803208097138e-08
1.635742187500000e+01 	  1.492851218394391e-08
1.640625000000000e+01 	  1.491906297755118e-08
1.645507812500000e+01 	  1.490968412053421e-08
1.650390625000000e+01 	  1.490037527583589e-08
1.655273437500000e+01 	  1.489113611054450e-08
1.660156250000000e+01 	  1.488196629583842e-08
1.665039062500000e+01 	  1.487286550693147e-08
1.669921875000000e+01 	  1.486383342301944e-08
1.674804687500000e+01 	  1.485486972722762e-08
1.679687500000000e+01 	  1.484597410655930e-08
1.684570312500000e+01 	  1.483714625184454e-08
1.689453125000000e+01 	  1.482838585769124e-08
1.694335937500000e+01 	  1.481969262243572e-08
1.699218750000000e+01 	  1.481106624809481e-08
1.704101562500000e+01 	  1.480250644031872e-08
1.708984375000000e+01 	  1.479401290834466e-08
1.713867187500000e+01 	  1.478558536495142e-08
1.718750000000000e+01 	  1.477722352641460e-08
1.723632812500000e+01 	  1.476892711246257e-08
1.728515625000000e+01 	  1.476069584623359e-08
1.733398437500000e+01 	  1.475252945423317e-08
1.738281250000000e+01 	  1.474442766629255e-08
1.743164062500000e+01 	  1.473639021552771e-08
1.748046875000000e+01 	  1.472841683829914e-08
1.752929687500000e+01 	  1.472050727417241e-08
1.757812500000000e+01 	  1.471266126587921e-08
1.762695312500000e+01 	  1.470487855927923e-08
1.767578125000000e+01 	  1.469715890332293e-08
1.772460937500000e+01 	  1.468950205001419e-08
1.777343750000000e+01 	  1.468190775437445e-08
1.782226562500000e+01 	  1.467437577440703e-08
1.787109375000000e+01 	  1.466690587106214e-08
1.791992187500000e+01 	  1.465949780820253e-08
1.796875000000000e+01 	  1.465215135256963e-08
1.801757812500000e+01 	  1.464486627375045e-08
1.806640625000000e+01 	  1.463764234414482e-08
1.811523437500000e+01 	  1.463047933893336e-08
1.816406250000000e+01 	  1.462337703604604e-08
1.821289062500000e+01 	  1.461633521613099e-08
1.826171875000000e+01 	  1.460935366252410e-08
1.831054687500000e+01 	  1.460243216121914e-08
1.835937500000000e+01 	  1.459557050083824e-08
1.840820312500000e+01 	  1.458876847260296e-08
1.845703125000000e+01 	  1.458202587030586e-08
1.850585937500000e+01 	  1.457534249028245e-08
1.855468750000000e+01 	  1.456871813138385e-08
1.860351562500000e+01 	  1.456215259494954e-08
1.865234375000000e+01 	  1.455564568478094e-08
1.870117187500000e+01 	  1.454919720711527e-08
1.875000000000000e+01 	  1.454280697059979e-08
1.879882812500000e+01 	  1.453647478626660e-08
1.884765625000000e+01 	  1.453020046750783e-08
1.889648437500000e+01 	  1.452398383005116e-08
1.894531250000000e+01 	  1.451782469193589e-08
1.899414062500000e+01 	  1.451172287348937e-08
1.904296875000000e+01 	  1.450567819730371e-08
1.909179687500000e+01 	  1.449969048821307e-08
1.914062500000000e+01 	  1.449375957327121e-08
1.918945312500000e+01 	  1.448788528172945e-08
1.923828125000000e+01 	  1.448206744501500e-08
1.928710937500000e+01 	  1.447630589670942e-08
1.933593750000000e+01 	  1.447060047252888e-08
1.938476562500000e+01 	  1.446495101030122e-08
1.943359375000000e+01 	  1.445935734994803e-08
1.948242187500000e+01 	  1.445381933346358e-08
1.953125000000000e+01 	  1.444833680489554e-08
1.958007812500000e+01 	  1.444290961032572e-08
1.962890625000000e+01 	  1.443753759785116e-08
1.967773437500000e+01 	  1.443222061756558e-08
1.972656250000000e+01 	  1.442695852154109e-08
1.977539062500000e+01 	  1.442175116380985e-08
1.982421875000000e+01 	  1.441659840034792e-08
1.987304687500000e+01 	  1.441150008905581e-08
1.992187500000000e+01 	  1.440645608974267e-08
1.997070312500000e+01 	  1.440146626410939e-08
2.001953125000000e+01 	  1.439653047573196e-08
2.006835937500000e+01 	  1.439164859004531e-08
2.011718750000000e+01 	  1.438682047432756e-08
2.016601562500000e+01 	  1.438204599768426e-08
2.021484375000000e+01 	  1.437732503103301e-08
2.026367187500000e+01 	  1.437265744708840e-08
2.031250000000000e+01 	  1.436804312034721e-08
2.036132812500000e+01 	  1.436348192707378e-08
2.041015625000000e+01 	  1.435897374528570e-08
2.045898437500000e+01 	  1.435451845473983e-08
2.050781250000000e+01 	  1.435011593691830e-08
2.055664062500000e+01 	  1.434576607501513e-08
2.060546875000000e+01 	  1.434146875392281e-08
2.065429687500000e+01 	  1.433722386021917e-08
2.070312500000000e+01 	  1.433303128215456e-08
2.075195312500000e+01 	  1.432889090963927e-08
2.080078125000000e+01 	  1.432480263423096e-08
2.084960937500000e+01 	  1.432076634912269e-08
2.089843750000000e+01 	  1.431678194913082e-08
2.094726562500000e+01 	  1.431284933068335e-08
2.099609375000000e+01 	  1.430896839180832e-08
2.104492187500000e+01 	  1.430513903212257e-08
2.109375000000000e+01 	  1.430136115282063e-08
2.114257812500000e+01 	  1.429763465666379e-08
2.119140625000000e+01 	  1.429395944796942e-08
2.124023437500000e+01 	  1.429033543260055e-08
2.128906250000000e+01 	  1.428676251795550e-08
2.133789062500000e+01 	  1.428324061295784e-08
2.138671875000000e+01 	  1.427976962804648e-08
2.143554687500000e+01 	  1.427634947516596e-08
2.148437500000000e+01 	  1.427298006775697e-08
2.153320312500000e+01 	  1.426966132074699e-08
2.158203125000000e+01 	  1.426639315054118e-08
2.163085937500000e+01 	  1.426317547501339e-08
2.167968750000000e+01 	  1.426000821349749e-08
2.172851562500000e+01 	  1.425689128677862e-08
2.177734375000000e+01 	  1.425382461708481e-08
2.182617187500000e+01 	  1.425080812807885e-08
2.187500000000000e+01 	  1.424784174485012e-08
2.192382812500000e+01 	  1.424492539390696e-08
2.197265625000000e+01 	  1.424205900316793e-08
2.202148437500000e+01 	  1.423924250195572e-08
2.207031250000000e+01 	  1.423647582098904e-08
2.211914062500000e+01 	  1.423375889237515e-08
2.216796875000000e+01 	  1.423109164960309e-08
2.221679687500000e+01 	  1.422847402753677e-08
2.226562500000000e+01 	  1.422590596240815e-08
2.231445312500000e+01 	  1.422338739181067e-08
2.236328125000000e+01 	  1.422091825469282e-08
2.241210937500000e+01 	  1.421849849135188e-08
2.246093750000000e+01 	  1.421612804342771e-08
2.250976562500000e+01 	  1.421380685389690e-08
2.255859375000000e+01 	  1.421153486706686e-08
2.260742187500000e+01 	  1.420931202857016e-08
2.265625000000000e+01 	  1.420713828535901e-08
2.270507812500000e+01 	  1.420501358569990e-08
2.275390625000000e+01 	  1.420293787916831e-08
2.280273437500000e+01 	  1.420091111664369e-08
2.285156250000000e+01 	  1.419893325030443e-08
2.290039062500000e+01 	  1.419700423362316e-08
2.294921875000000e+01 	  1.419512402136196e-08
2.299804687500000e+01 	  1.419329256956799e-08
2.304687500000000e+01 	  1.419150983556972e-08
2.309570312500000e+01 	  1.418977577796958e-08
2.314453125000000e+01 	  1.418809035664476e-08
2.319335937500000e+01 	  1.418645353273986e-08
2.324218750000000e+01 	  1.418486526866390e-08
2.329101562500000e+01 	  1.418332552808666e-08
2.333984375000000e+01 	  1.418183427593508e-08
2.338867187500000e+01 	  1.418039147838979e-08
2.343750000000000e+01 	  1.417899710288183e-08
2.348632812500000e+01 	  1.417765111808960e-08
2.353515625000000e+01 	  1.417635349393560e-08
2.358398437500000e+01 	  1.417510420158355e-08
2.363281250000000e+01 	  1.417390321343579e-08
2.368164062500000e+01 	  1.417275050313046e-08
2.373046875000000e+01 	  1.417164604553902e-08
2.377929687500000e+01 	  1.417058981676391e-08
2.382812500000000e+01 	  1.416958179413600e-08
2.387695312500000e+01 	  1.416862195621289e-08
2.392578125000000e+01 	  1.416771028277656e-08
2.397460937500000e+01 	  1.416684675483161e-08
2.402343750000000e+01 	  1.416603135460341e-08
2.407226562500000e+01 	  1.416526406553653e-08
2.412109375000000e+01 	  1.416454487229319e-08
2.416992187500000e+01 	  1.416387376075162e-08
2.421875000000000e+01 	  1.416325071800590e-08
2.426757812500000e+01 	  1.416267573236272e-08
2.431640625000000e+01 	  1.416214879334237e-08
2.436523437500000e+01 	  1.416166989167687e-08
2.441406250000000e+01 	  1.416123901930935e-08
2.446289062500000e+01 	  1.416085616939341e-08
2.451171875000000e+01 	  1.416052133629266e-08
2.456054687500000e+01 	  1.416023451558017e-08
2.460937500000000e+01 	  1.415999570403832e-08
2.465820312500000e+01 	  1.415980489965854e-08
2.470703125000000e+01 	  1.415966210164130e-08
2.475585937500000e+01 	  1.415956731039622e-08
2.480468750000000e+01 	  1.415952052754223e-08
2.485351562500000e+01 	  1.415952175590792e-08
2.490234375000000e+01 	  1.415957099953197e-08
2.495117187500000e+01 	  1.415966826366375e-08
2.500000000000000e+01 	  1.415981355476397e-08
2.504882812500000e+01 	  1.416000688050555e-08
2.509765625000000e+01 	  1.416024824977451e-08
2.514648437500000e+01 	  1.416053767267108e-08
2.519531250000000e+01 	  1.416087516051085e-08
2.524414062500000e+01 	  1.416126072582610e-08
2.529296875000000e+01 	  1.416169438236719e-08
2.534179687500000e+01 	  1.416217614510426e-08
2.539062500000000e+01 	  1.416270603022879e-08
2.543945312500000e+01 	  1.416328405515532e-08
2.548828125000000e+01 	  1.416391023852363e-08
2.553710937500000e+01 	  1.416458460020065e-08
2.558593750000000e+01 	  1.416530716128263e-08
2.563476562500000e+01 	  1.416607794409753e-08
2.568359375000000e+01 	  1.416689697220747e-08
2.573242187500000e+01 	  1.416776427041124e-08
2.578125000000000e+01 	  1.416867986474698e-08
2.583007812500000e+01 	  1.416964378249511e-08
2.587890625000000e+01 	  1.417065605218125e-08
2.592773437500000e+01 	  1.417171670357926e-08
2.597656250000000e+01 	  1.417282576771452e-08
2.602539062500000e+01 	  1.417398327686726e-08
2.607421875000000e+01 	  1.417518926457605e-08
2.612304687500000e+01 	  1.417644376564144e-08
2.617187500000000e+01 	  1.417774681612966e-08
2.622070312500000e+01 	  1.417909845337657e-08
2.626953125000000e+01 	  1.418049871599167e-08
2.631835937500000e+01 	  1.418194764386226e-08
2.636718750000000e+01 	  1.418344527815770e-08
2.641601562500000e+01 	  1.418499166133396e-08
2.646484375000000e+01 	  1.418658683713798e-08
2.651367187500000e+01 	  1.418823085061263e-08
2.656250000000000e+01 	  1.418992374810198e-08
2.661132812500000e+01 	  1.419166557725478e-08
2.666015625000000e+01 	  1.419345638703140e-08
2.670898437500000e+01 	  1.419529622770817e-08
2.675781250000000e+01 	  1.419718515088302e-08
2.680664062500000e+01 	  1.419912320948108e-08
2.685546875000000e+01 	  1.420111045776042e-08
2.690429687500000e+01 	  1.420314695131794e-08
2.695312500000000e+01 	  1.420523274709540e-08
2.700195312500000e+01 	  1.420736790338563e-08
2.705078125000000e+01 	  1.420955247983890e-08
2.709960937500000e+01 	  1.421178653746945e-08
2.714843750000000e+01 	  1.421407013866140e-08
2.719726562500000e+01 	  1.421640334717798e-08
2.724609375000000e+01 	  1.421878622816536e-08
2.729492187500000e+01 	  1.422121884816170e-08
2.734375000000000e+01 	  1.422370127510393e-08
2.739257812500000e+01 	  1.422623357833545e-08
2.744140625000000e+01 	  1.422881582861360e-08
2.749023437500000e+01 	  1.423144809811754e-08
2.753906250000000e+01 	  1.423413046045621e-08
2.758789062500000e+01 	  1.423686299067649e-08
2.763671875000000e+01 	  1.423964576527158e-08
2.768554687500000e+01 	  1.424247886218950e-08
2.773437500000000e+01 	  1.424536236084171e-08
2.778320312500000e+01 	  1.424829634211207e-08
2.783203125000000e+01 	  1.425128088836587e-08
2.788085937500000e+01 	  1.425431608345903e-08
2.792968750000000e+01 	  1.425740201274763e-08
2.797851562500000e+01 	  1.426053876309741e-08
2.802734375000000e+01 	  1.426372642289369e-08
2.807617187500000e+01 	  1.426696508205131e-08
2.812500000000000e+01 	  1.427025483202484e-08
2.817382812500000e+01 	  1.427359576581904e-08
2.822265625000000e+01 	  1.427698797799940e-08
2.827148437500000e+01 	  1.428043156470300e-08
2.832031250000000e+01 	  1.428392662364950e-08
2.836914062500000e+01 	  1.428747325415238e-08
2.841796875000000e+01 	  1.429107155713043e-08
2.846679687500000e+01 	  1.429472163511931e-08
2.851562500000000e+01 	  1.429842359228353e-08
2.856445312500000e+01 	  1.430217753442850e-08
2.861328125000000e+01 	  1.430598356901286e-08
2.866210937500000e+01 	  1.430984180516105e-08
2.871093750000000e+01 	  1.431375235367598e-08
2.875976562500000e+01 	  1.431771532705247e-08
2.880859375000000e+01 	  1.432173083948972e-08
2.885742187500000e+01 	  1.432579900690605e-08
2.890625000000000e+01 	  1.432991994695091e-08
2.895507812500000e+01 	  1.433409377902049e-08
2.900390625000000e+01 	  1.433832062427129e-08
2.905273437500000e+01 	  1.434260060563430e-08
2.910156250000000e+01 	  1.434693384783037e-08
2.915039062500000e+01 	  1.435132047738507e-08
2.919921875000000e+01 	  1.435576062264377e-08
2.924804687500000e+01 	  1.436025441378724e-08
2.929687500000000e+01 	  1.436480198284772e-08
2.934570312500000e+01 	  1.436940346372484e-08
2.939453125000000e+01 	  1.437405899220207e-08
2.944335937500000e+01 	  1.437876870596344e-08
2.949218750000000e+01 	  1.438353274461045e-08
2.954101562500000e+01 	  1.438835124967947e-08
2.958984375000000e+01 	  1.439322436465925e-08
2.963867187500000e+01 	  1.439815223500879e-08
2.968750000000000e+01 	  1.440313500817560e-08
2.973632812500000e+01 	  1.440817283361419e-08
2.978515625000000e+01 	  1.441326586280493e-08
2.983398437500000e+01 	  1.441841424927321e-08
2.988281250000000e+01 	  1.442361814860893e-08
2.993164062500000e+01 	  1.442887771848638e-08
2.998046875000000e+01 	  1.443419311868440e-08
3.002929687500000e+01 	  1.443956451110692e-08
3.007812500000000e+01 	  1.444499205980382e-08
3.012695312500000e+01 	  1.445047593099226e-08
3.017578125000000e+01 	  1.445601629307821e-08
3.022460937500000e+01 	  1.446161331667852e-08
3.027343750000000e+01 	  1.446726717464323e-08
3.032226562500000e+01 	  1.447297804207837e-08
3.037109375000000e+01 	  1.447874609636909e-08
3.041992187500000e+01 	  1.448457151720325e-08
3.046875000000000e+01 	  1.449045448659531e-08
3.051757812500000e+01 	  1.449639518891079e-08
3.056640625000000e+01 	  1.450239381089098e-08
3.061523437500000e+01 	  1.450845054167822e-08
3.066406250000000e+01 	  1.451456557284155e-08
3.071289062500000e+01 	  1.452073909840281e-08
3.076171875000000e+01 	  1.452697131486315e-08
3.081054687500000e+01 	  1.453326242123013e-08
3.085937500000000e+01 	  1.453961261904514e-08
3.090820312500000e+01 	  1.454602211241138e-08
3.095703125000000e+01 	  1.455249110802228e-08
3.100585937500000e+01 	  1.455901981519034e-08
3.105468750000000e+01 	  1.456560844587727e-08
3.110351562500000e+01 	  1.457225721472242e-08
3.115234375000000e+01 	  1.457896633907537e-08
3.120117187500000e+01 	  1.458573603902420e-08
3.125000000000000e+01 	  1.459256653742986e-08
3.129882812500000e+01 	  1.459945805995669e-08
3.134765625000000e+01 	  1.460641083510535e-08
3.139648437500000e+01 	  1.461342509424609e-08
3.144531250000000e+01 	  1.462050107165259e-08
3.149414062500000e+01 	  1.462763900453636e-08
3.154296875000000e+01 	  1.463483913308176e-08
3.159179687500000e+01 	  1.464210170048160e-08
3.164062500000000e+01 	  1.464942695297342e-08
3.168945312500000e+01 	  1.465681513987641e-08
3.173828125000000e+01 	  1.466426651362891e-08
3.178710937500000e+01 	  1.467178132982669e-08
3.183593750000000e+01 	  1.467935984726180e-08
3.188476562500000e+01 	  1.468700232796218e-08
3.193359375000000e+01 	  1.469470903723195e-08
3.198242187500000e+01 	  1.470248024369242e-08
3.203125000000000e+01 	  1.471031621932384e-08
3.208007812500000e+01 	  1.471821723950790e-08
3.212890625000000e+01 	  1.472618358307089e-08
3.217773437500000e+01 	  1.473421553232806e-08
3.222656250000000e+01 	  1.474231337312799e-08
3.227539062500000e+01 	  1.475047739489852e-08
3.232421875000000e+01 	  1.475870789069316e-08
3.237304687500000e+01 	  1.476700515723837e-08
3.242187500000000e+01 	  1.477536949498173e-08
3.247070312500000e+01 	  1.478380120814102e-08
3.251953125000000e+01 	  1.479230060475411e-08
3.256835937500000e+01 	  1.480086799672918e-08
3.261718750000000e+01 	  1.480950369989907e-08
3.266601562500000e+01 	  1.481820803407024e-08
3.271484375000000e+01 	  1.482698132307895e-08
3.276367187500000e+01 	  1.483582389484535e-08
3.281250000000000e+01 	  1.484473608142919e-08
3.286132812500000e+01 	  1.485371821908657e-08
3.291015625000000e+01 	  1.486277064832771e-08
3.295898437500000e+01 	  1.487189371397593e-08
3.300781250000000e+01 	  1.488108776522747e-08
3.305664062500000e+01 	  1.489035315571274e-08
3.310546875000000e+01 	  1.489969024355846e-08
3.315429687500000e+01 	  1.490909939145114e-08
3.320312500000000e+01 	  1.491858096670188e-08
3.325195312500000e+01 	  1.492813534131161e-08
3.330078125000000e+01 	  1.493776289203897e-08
3.334960937500000e+01 	  1.494746400046820e-08
3.339843750000000e+01 	  1.495723905307895e-08
3.344726562500000e+01 	  1.496708844131726e-08
3.349609375000000e+01 	  1.497701256166797e-08
3.354492187500000e+01 	  1.498701181572827e-08
3.359375000000000e+01 	  1.499708661028363e-08
3.364257812500000e+01 	  1.500723735738341e-08
3.369140625000000e+01 	  1.501746447441964e-08
3.374023437500000e+01 	  1.502776838420656e-08
3.378906250000000e+01 	  1.503814951506181e-08
3.383789062500000e+01 	  1.504860830088919e-08
3.388671875000000e+01 	  1.505914518126318e-08
3.393554687500000e+01 	  1.506976060151497e-08
3.398437500000000e+01 	  1.508045501282026e-08
3.403320312500000e+01 	  1.509122887228928e-08
3.408203125000000e+01 	  1.510208264305583e-08
3.413085937500000e+01 	  1.511301679437490e-08
3.417968750000000e+01 	  1.512403180171483e-08
3.422851562500000e+01 	  1.513512814684829e-08
3.427734375000000e+01 	  1.514630631796706e-08
3.432617187500000e+01 	  1.515756680976646e-08
3.437500000000000e+01 	  1.516891012355648e-08
3.442382812500000e+01 	  1.518033676736518e-08
3.447265625000000e+01 	  1.519184725604567e-08
3.452148437500000e+01 	  1.520344211138558e-08
3.457031250000000e+01 	  1.521512186221852e-08
3.461914062500000e+01 	  1.522688704453803e-08
3.466796875000000e+01 	  1.523873820161369e-08
3.471679687500000e+01 	  1.525067588410982e-08
3.476562500000000e+01 	  1.526270065020654e-08
3.481445312500000e+01 	  1.527481306572338e-08
3.486328125000000e+01 	  1.528701370424547e-08
3.491210937500000e+01 	  1.529930314725239e-08
3.496093750000000e+01 	  1.531168198424978e-08
3.500976562500000e+01 	  1.532415081290363e-08
3.505859375000000e+01 	  1.533671023917754e-08
3.510742187500000e+01 	  1.534936087747273e-08
3.515625000000000e+01 	  1.536210335077135e-08
3.520507812500000e+01 	  1.537493829078240e-08
3.525390625000000e+01 	  1.538786633809144e-08
3.530273437500000e+01 	  1.540088814231261e-08
3.535156250000000e+01 	  1.541400436224525e-08
3.540039062500000e+01 	  1.542721566603206e-08
3.544921875000000e+01 	  1.544052273132295e-08
3.549804687500000e+01 	  1.545392624544068e-08
3.554687500000000e+01 	  1.546742690555102e-08
3.559570312500000e+01 	  1.548102541883637e-08
3.564453125000000e+01 	  1.549472250267337e-08
3.569335937500000e+01 	  1.550851888481431e-08
3.574218750000000e+01 	  1.552241530357279e-08
3.579101562500000e+01 	  1.553641250801328e-08
3.583984375000000e+01 	  1.555051125814520e-08
3.588867187500000e+01 	  1.556471232512116e-08
3.593750000000000e+01 	  1.557901649143988e-08
3.598632812500000e+01 	  1.559342455115352e-08
3.603515625000000e+01 	  1.560793731007997e-08
3.608398437500000e+01 	  1.562255558601979e-08
3.613281250000000e+01 	  1.563728020897827e-08
3.618164062500000e+01 	  1.565211202139260e-08
3.623046875000000e+01 	  1.566705187836420e-08
3.627929687500000e+01 	  1.568210064789665e-08
3.632812500000000e+01 	  1.569725921113898e-08
3.637695312500000e+01 	  1.571252846263479e-08
3.642578125000000e+01 	  1.572790931057715e-08
3.647460937500000e+01 	  1.574340267706961e-08
3.652343750000000e+01 	  1.575900949839332e-08
3.657226562500000e+01 	  1.577473072528060e-08
3.662109375000000e+01 	  1.579056732319493e-08
3.666992187500000e+01 	  1.580652027261781e-08
3.671875000000000e+01 	  1.582259056934229e-08
3.676757812500000e+01 	  1.583877922477429e-08
3.681640625000000e+01 	  1.585508726624026e-08
3.686523437500000e+01 	  1.587151573730236e-08
3.691406250000000e+01 	  1.588806569808304e-08
3.696289062500000e+01 	  1.590473822559556e-08
3.701171875000000e+01 	  1.592153441408369e-08
3.706054687500000e+01 	  1.593845537536970e-08
3.710937500000000e+01 	  1.595550223921096e-08
3.715820312500000e+01 	  1.597267615366548e-08
3.720703125000000e+01 	  1.598997828546670e-08
3.725585937500000e+01 	  1.600740982040760e-08
3.730468750000000e+01 	  1.602497196373473e-08
3.735351562500000e+01 	  1.604266594055192e-08
3.740234375000000e+01 	  1.606049299623544e-08
3.745117187500000e+01 	  1.607845439685741e-08
3.750000000000000e+01 	  1.609655142962289e-08
3.754882812500000e+01 	  1.611478540331675e-08
3.759765625000000e+01 	  1.613315764876238e-08
3.764648437500000e+01 	  1.615166951929249e-08
3.769531250000000e+01 	  1.617032239123232e-08
3.774414062500000e+01 	  1.618911766439546e-08
3.779296875000000e+01 	  1.620805676259297e-08
3.784179687500000e+01 	  1.622714113415577e-08
3.789062500000000e+01 	  1.624637225247133e-08
3.793945312500000e+01 	  1.626575161653449e-08
3.798828125000000e+01 	  1.628528075151321e-08
3.803710937500000e+01 	  1.630496120932974e-08
3.808593750000000e+01 	  1.632479456925745e-08
3.813476562500000e+01 	  1.634478243853407e-08
3.818359375000000e+01 	  1.636492645299179e-08
3.823242187500000e+01 	  1.638522827770458e-08
3.828125000000000e+01 	  1.640568960765370e-08
3.833007812500000e+01 	  1.642631216841150e-08
3.837890625000000e+01 	  1.644709771684452e-08
3.842773437500000e+01 	  1.646804804183630e-08
3.847656250000000e+01 	  1.648916496503058e-08
3.852539062500000e+01 	  1.651045034159545e-08
3.857421875000000e+01 	  1.653190606100976e-08
3.862304687500000e+01 	  1.655353404787151e-08
3.867187500000000e+01 	  1.657533626272965e-08
3.872070312500000e+01 	  1.659731470294428e-08
3.876953125000000e+01 	  1.661947140355199e-08
3.881835937500000e+01 	  1.664180843819500e-08
3.886718750000000e+01 	  1.666432792003951e-08
3.891601562500000e+01 	  1.668703200274010e-08
3.896484375000000e+01 	  1.670992288142891e-08
3.901367187500000e+01 	  1.673300279373434e-08
3.906250000000000e+01 	  1.675627402083017e-08
3.911132812500000e+01 	  1.677973888851632e-08
3.916015625000000e+01 	  1.680339976833231e-08
3.920898437500000e+01 	  1.682725907870447e-08
3.925781250000000e+01 	  1.685131928612831e-08
3.930664062500000e+01 	  1.687558290638721e-08
3.935546875000000e+01 	  1.690005250580843e-08
3.940429687500000e+01 	  1.692473070255903e-08
3.945312500000000e+01 	  1.694962016798027e-08
3.950195312500000e+01 	  1.697472362796632e-08
3.955078125000000e+01 	  1.700004386438449e-08
3.959960937500000e+01 	  1.702558371654163e-08
3.964843750000000e+01 	  1.705134608269608e-08
3.969726562500000e+01 	  1.707733392161930e-08
3.974609375000000e+01 	  1.710355025420695e-08
3.979492187500000e+01 	  1.712999816514230e-08
3.984375000000000e+01 	  1.715668080461373e-08
3.989257812500000e+01 	  1.718360139008864e-08
3.994140625000000e+01 	  1.721076320814525e-08
3.999023437500000e+01 	  1.723816961636543e-08
4.003906250000000e+01 	  1.726582404529013e-08
4.008789062500000e+01 	  1.729373000044039e-08
4.013671875000000e+01 	  1.732189106440614e-08
4.018554687500000e+01 	  1.735031089900571e-08
4.023437500000000e+01 	  1.737899324751865e-08
4.028320312500000e+01 	  1.740794193699494e-08
4.033203125000000e+01 	  1.743716088064354e-08
4.038085937500000e+01 	  1.746665408030345e-08
4.042968750000000e+01 	  1.749642562900080e-08
4.047851562500000e+01 	  1.752647971359519e-08
4.052734375000000e+01 	  1.755682061751922e-08
4.057617187500000e+01 	  1.758745272361406e-08
4.062500000000000e+01 	  1.761838051706929e-08
4.067382812500000e+01 	  1.764960858846144e-08
4.072265625000000e+01 	  1.768114163690819e-08
4.077148437500000e+01 	  1.771298447333354e-08
4.082031250000000e+01 	  1.774514202385262e-08
4.086914062500000e+01 	  1.777761933328028e-08
4.091796875000000e+01 	  1.781042156876915e-08
4.096679687500000e+01 	  1.784355402358227e-08
4.101562500000000e+01 	  1.787702212100658e-08
4.106445312500000e+01 	  1.791083141841308e-08
4.111328125000000e+01 	  1.794498761147023e-08
4.116210937500000e+01 	  1.797949653851713e-08
4.121093750000000e+01 	  1.801436418510456e-08
4.125976562500000e+01 	  1.804959668870890e-08
4.130859375000000e+01 	  1.808520034362983e-08
4.135742187500000e+01 	  1.812118160607787e-08
4.140625000000000e+01 	  1.815754709946172e-08
4.145507812500000e+01 	  1.819430361988229e-08
4.150390625000000e+01 	  1.823145814184669e-08
4.155273437500000e+01 	  1.826901782420857e-08
4.160156250000000e+01 	  1.830699001634740e-08
4.165039062500000e+01 	  1.834538226459750e-08
4.169921875000000e+01 	  1.838420231893820e-08
4.174804687500000e+01 	  1.842345813995785e-08
4.179687500000000e+01 	  1.846315790610484e-08
4.184570312500000e+01 	  1.850331002123857e-08
4.189453125000000e+01 	  1.854392312249582e-08
4.194335937500000e+01 	  1.858500608848760e-08
4.199218750000000e+01 	  1.862656804784204e-08
4.204101562500000e+01 	  1.866861838811085e-08
4.208984375000000e+01 	  1.871116676505745e-08
4.213867187500000e+01 	  1.875422311234506e-08
4.218750000000000e+01 	  1.879779765164570e-08
4.223632812500000e+01 	  1.884190090319058e-08
4.228515625000000e+01 	  1.888654369678465e-08
4.233398437500000e+01 	  1.893173718330895e-08
4.238281250000000e+01 	  1.897749284673570e-08
4.243164062500000e+01 	  1.902382251668287e-08
4.248046875000000e+01 	  1.907073838153606e-08
4.252929687500000e+01 	  1.911825300216771e-08
4.257812500000000e+01 	  1.916637932628490e-08
4.262695312500000e+01 	  1.921513070343921e-08
4.267578125000000e+01 	  1.926452090073422e-08
4.272460937500000e+01 	  1.931456411926780e-08
4.277343750000000e+01 	  1.936527501134927e-08
4.282226562500000e+01 	  1.941666869853418e-08
4.287109375000000e+01 	  1.946876079051987e-08
4.291992187500000e+01 	  1.952156740495189e-08
4.296875000000000e+01 	  1.957510518818991e-08
4.301757812500000e+01 	  1.962939133708795e-08
4.306640625000000e+01 	  1.968444362184587e-08
4.311523437500000e+01 	  1.974028040999199e-08
4.316406250000000e+01 	  1.979692069156713e-08
4.321289062500000e+01 	  1.985438410556591e-08
4.326171875000000e+01 	  1.991269096772547e-08
4.331054687500000e+01 	  1.997186229972838e-08
4.335937500000000e+01 	  2.003191985990554e-08
4.340820312500000e+01 	  2.009288617553106e-08
4.345703125000000e+01 	  2.015478457680023e-08
4.350585937500000e+01 	  2.021763923259350e-08
4.355468750000000e+01 	  2.028147518813586e-08
4.360351562500000e+01 	  2.034631840466269e-08
4.365234375000000e+01 	  2.041219580122103e-08
4.370117187500000e+01 	  2.047913529873378e-08
4.375000000000000e+01 	  2.054716586646998e-08
4.379882812500000e+01 	  2.061631757107120e-08
4.384765625000000e+01 	  2.068662162829604e-08
4.389648437500000e+01 	  2.075811045765510e-08
4.394531250000000e+01 	  2.083081774012252e-08
4.399414062500000e+01 	  2.090477847912206e-08
4.404296875000000e+01 	  2.098002906500105e-08
4.409179687500000e+01 	  2.105660734322120e-08
4.414062500000000e+01 	  2.113455268651042e-08
4.418945312500000e+01 	  2.121390607124089e-08
4.423828125000000e+01 	  2.129471015831541e-08
4.428710937500000e+01 	  2.137700937886658e-08
4.433593750000000e+01 	  2.146085002509686e-08
4.438476562500000e+01 	  2.154628034661129e-08
4.443359375000000e+01 	  2.163335065262264e-08
4.448242187500000e+01 	  2.172211342043773e-08
4.453125000000000e+01 	  2.181262341066521e-08
4.458007812500000e+01 	  2.190493778962014e-08
4.462890625000000e+01 	  2.199911625943791e-08
4.467773437500000e+01 	  2.209522119645108e-08
4.472656250000000e+01 	  2.219331779842454e-08
4.477539062500000e+01 	  2.229347424130203e-08
4.482421875000000e+01 	  2.239576184615048e-08
4.487304687500000e+01 	  2.250025525707105e-08
4.492187500000000e+01 	  2.260703263088433e-08
4.497070312500000e+01 	  2.271617583948296e-08
4.501953125000000e+01 	  2.282777068580808e-08
4.506835937500000e+01 	  2.294190713449267e-08
4.511718750000000e+01 	  2.305867955830172e-08
4.516601562500000e+01 	  2.317818700159535e-08
4.521484375000000e+01 	  2.330053346215065e-08
4.526367187500000e+01 	  2.342582819278642e-08
4.531250000000000e+01 	  2.355418602437305e-08
4.536132812500000e+01 	  2.368572771193850e-08
4.541015625000000e+01 	  2.382058030574162e-08
4.545898437500000e+01 	  2.395887754934838e-08
4.550781250000000e+01 	  2.410076030693260e-08
4.555664062500000e+01 	  2.424637702222470e-08
4.560546875000000e+01 	  2.439588421175521e-08
4.565429687500000e+01 	  2.454944699528722e-08
4.570312500000000e+01 	  2.470723966659704e-08
4.575195312500000e+01 	  2.486944630806944e-08
4.580078125000000e+01 	  2.503626145289459e-08
4.584960937500000e+01 	  2.520789079902212e-08
4.589843750000000e+01 	  2.538455197942845e-08
4.594726562500000e+01 	  2.556647539369684e-08
4.599609375000000e+01 	  2.575390510640285e-08
4.604492187500000e+01 	  2.594709981834198e-08
4.609375000000000e+01 	  2.614633391724055e-08
4.614257812500000e+01 	  2.635189861526122e-08
4.619140625000000e+01 	  2.656410318135985e-08
4.624023437500000e+01 	  2.678327627737766e-08
4.628906250000000e+01 	  2.700976740767447e-08
4.633789062500000e+01 	  2.724394849313490e-08
4.638671875000000e+01 	  2.748621558152336e-08
4.643554687500000e+01 	  2.773699070744179e-08
4.648437500000000e+01 	  2.799672391656821e-08
4.653320312500000e+01 	  2.826589547045326e-08
4.658203125000000e+01 	  2.854501824993537e-08
4.663085937500000e+01 	  2.883464037723813e-08
4.667968750000000e+01 	  2.913534807906118e-08
4.672851562500000e+01 	  2.944776881549864e-08
4.677734375000000e+01 	  2.977257470245525e-08
4.682617187500000e+01 	  3.011048625845223e-08
4.687500000000000e+01 	  3.046227651024919e-08
4.692382812500000e+01 	  3.082877549590909e-08
4.697265625000000e+01 	  3.121087520838516e-08
4.702148437500000e+01 	  3.160953502803613e-08
4.707031250000000e+01 	  3.202578769837579e-08
4.711914062500000e+01 	  3.246074590599898e-08
4.716796875000000e+01 	  3.291560953340541e-08
4.721679687500000e+01 	  3.339167366203283e-08
4.726562500000000e+01 	  3.389033741285902e-08
4.731445312500000e+01 	  3.441311372321660e-08
4.736328125000000e+01 	  3.496164017169371e-08
4.741210937500000e+01 	  3.553769097771463e-08
4.746093750000000e+01 	  3.614319031991818e-08
4.750976562500000e+01 	  3.678022713719694e-08
4.755859375000000e+01 	  3.745107159933965e-08
4.760742187500000e+01 	  3.815819346089931e-08
4.765625000000000e+01 	  3.890428254293311e-08
4.770507812500000e+01 	  3.969227162341704e-08
4.775390625000000e+01 	  4.052536205939821e-08
4.780273437500000e+01 	  4.140705251349619e-08
4.785156250000000e+01 	  4.234117121563315e-08
4.790039062500000e+01 	  4.333191225962870e-08
4.794921875000000e+01 	  4.438387651571004e-08
4.799804687500000e+01 	  4.550211783672775e-08
4.804687500000000e+01 	  4.669219535127602e-08
4.809570312500000e+01 	  4.796023277513411e-08
4.814453125000000e+01 	  4.931298583860914e-08
4.819335937500000e+01 	  5.075791912811569e-08
4.824218750000000e+01 	  5.230329388375141e-08
4.829101562500000e+01 	  5.395826859137924e-08
4.833984375000000e+01 	  5.573301457098532e-08
4.838867187500000e+01 	  5.763884921013135e-08
4.843750000000000e+01 	  5.968839004412855e-08
4.848632812500000e+01 	  6.189573357173186e-08
4.853515625000000e+01 	  6.427666355407606e-08
4.858398437500000e+01 	  6.684889462326880e-08
4.863281250000000e+01 	  6.963235839062250e-08
4.868164062500000e+01 	  7.264954097591118e-08
4.873046875000000e+01 	  7.592588309214559e-08
4.877929687500000e+01 	  7.949025666298573e-08
4.882812500000000e+01 	  8.337553562501377e-08
4.887695312500000e+01 	  8.761928334357338e-08
4.892578125000000e+01 	  9.226458531710484e-08
4.897460937500000e+01 	  9.736106406017338e-08
4.902343750000000e+01 	  1.029661239251406e-07
4.907226562500000e+01 	  1.091464880889439e-07
4.912109375000000e+01 	  1.159801092994882e-07
4.916992187500000e+01 	  1.235585620611799e-07
4.921875000000000e+01 	  1.319900592789852e-07
4.926757812500000e+01 	  1.414032845448187e-07
4.931640625000000e+01 	  1.519522972845231e-07
4.936523437500000e+01 	  1.638228590594645e-07
4.941406250000000e+01 	  1.772406556835375e-07
4.946289062500000e+01 	  1.924820661986440e-07
4.951171875000000e+01 	  2.098883774337931e-07
4.956054687500000e+01 	  2.298846927716484e-07
4.960937500000000e+01 	  2.530052810522243e-07
4.965820312500000e+01 	  2.799278226624820e-07
4.970703125000000e+01 	  3.115200329568845e-07
4.975585937500000e+01 	  3.489036241728034e-07
4.980468750000000e+01 	  3.935427242157347e-07
4.985351562500000e+01 	  4.473670324529069e-07
4.990234375000000e+01 	  5.129446559559956e-07
4.995117187500000e+01 	  5.937264911792479e-07
5.000000000000000e+01 	  6.943943551413376e-07
