  -1.000000000000e+01   2.014441209832e-22
  -9.990000000000e+00   2.282482614795e-22
  -9.980000000000e+00   2.585785529597e-22
  -9.970000000000e+00   2.928934534284e-22
  -9.960000000000e+00   3.317103099783e-22
  -9.950000000000e+00   3.756128289775e-22
  -9.940000000000e+00   4.252594816634e-22
  -9.930000000000e+00   4.813929607120e-22
  -9.920000000000e+00   5.448508174309e-22
  -9.910000000000e+00   6.165774249952e-22
  -9.900000000000e+00   6.976374308111e-22
  -9.890000000000e+00   7.892308808632e-22
  -9.880000000000e+00   8.927102210473e-22
  -9.870000000000e+00   1.009599405266e-21
  -9.860000000000e+00   1.141615367804e-21
  -9.850000000000e+00   1.290692148524e-21
  -9.840000000000e+00   1.459007994153e-21
  -9.830000000000e+00   1.649015797740e-21
  -9.820000000000e+00   1.863477281816e-21
  -9.810000000000e+00   2.105501379326e-21
  -9.800000000000e+00   2.378587320704e-21
  -9.790000000000e+00   2.686672996126e-21
  -9.780000000000e+00   3.034189229804e-21
  -9.770000000000e+00   3.426120678946e-21
  -9.760000000000e+00   3.868074154660e-21
  -9.750000000000e+00   4.366355256653e-21
  -9.740000000000e+00   4.928054319152e-21
  -9.730000000000e+00   5.561142783401e-21
  -9.720000000000e+00   6.274581243740e-21
  -9.710000000000e+00   7.078440561188e-21
  -9.700000000000e+00   7.984037602466e-21
  -9.690000000000e+00   9.004087345358e-21
  -9.680000000000e+00   1.015287329548e-20
  -9.670000000000e+00   1.144643838721e-20
  -9.660000000000e+00   1.290279879549e-20
  -9.650000000000e+00   1.454218336847e-20
  -9.640000000000e+00   1.638730170648e-20
  -9.630000000000e+00   1.846364426493e-20
  -9.620000000000e+00   2.079981825078e-20
  -9.610000000000e+00   2.342792351938e-20
  -9.600000000000e+00   2.638397316507e-20
  -9.590000000000e+00   2.970836404165e-20
  -9.580000000000e+00   3.344640305238e-20
  -9.570000000000e+00   3.764889572211e-20
  -9.560000000000e+00   4.237280431258e-20
  -9.550000000000e+00   4.768198357544e-20
  -9.540000000000e+00   5.364800316533e-20
  -9.530000000000e+00   6.035106676702e-20
  -9.520000000000e+00   6.788103913941e-20
  -9.510000000000e+00   7.633859355599e-20
  -9.500000000000e+00   8.583649354224e-20
  -9.490000000000e+00   9.650102438968e-20
  -9.480000000000e+00   1.084735916827e-19
  -9.470000000000e+00   1.219125060258e-19
  -9.460000000000e+00   1.369949753291e-19
  -9.450000000000e+00   1.539193284190e-19
  -9.440000000000e+00   1.729074964212e-19
  -9.430000000000e+00   1.942077813360e-19
  -9.420000000000e+00   2.180979445302e-19
  -9.410000000000e+00   2.448886515400e-19
  -9.400000000000e+00   2.749273136490e-19
  -9.390000000000e+00   3.086023712288e-19
  -9.380000000000e+00   3.463480688468e-19
  -9.370000000000e+00   3.886497777115e-19
  -9.360000000000e+00   4.360499272027e-19
  -9.350000000000e+00   4.891546140868e-19
  -9.340000000000e+00   5.486409656134e-19
  -9.330000000000e+00   6.152653411144e-19
  -9.320000000000e+00   6.898724660704e-19
  -9.310000000000e+00   7.734056029572e-19
  -9.300000000000e+00   8.669178746663e-19
  -9.290000000000e+00   9.715848690002e-19
  -9.280000000000e+00   1.088718666835e-18
  -9.270000000000e+00   1.219783452139e-18
  -9.260000000000e+00   1.366412879325e-18
  -9.250000000000e+00   1.530429392532e-18
  -9.240000000000e+00   1.713865712620e-18
  -9.230000000000e+00   1.918988731124e-18
  -9.220000000000e+00   2.148326076320e-18
  -9.210000000000e+00   2.404695645312e-18
  -9.200000000000e+00   2.691238427777e-18
  -9.190000000000e+00   3.011454982152e-18
  -9.180000000000e+00   3.369245963899e-18
  -9.170000000000e+00   3.768957148442e-18
  -9.160000000000e+00   4.215429438866e-18
  -9.150000000000e+00   4.714054400957e-18
  -9.140000000000e+00   5.270835926183e-18
  -9.130000000000e+00   5.892458687329e-18
  -9.120000000000e+00   6.586364122275e-18
  -9.110000000000e+00   7.360834759676e-18
  -9.100000000000e+00   8.225087786652e-18
  -9.090000000000e+00   9.189378853968e-18
  -9.080000000000e+00   1.026511721950e-17
  -9.070000000000e+00   1.146499344699e-17
  -9.060000000000e+00   1.280312100530e-17
  -9.050000000000e+00   1.429519325497e-17
  -9.040000000000e+00   1.595865746491e-17
  -9.030000000000e+00   1.781290767427e-17
  -9.020000000000e+00   1.987949840441e-17
  -9.010000000000e+00   2.218238143521e-17
  -9.000000000000e+00   2.474816809084e-17
  -8.990000000000e+00   2.760641973426e-17
  -8.980000000000e+00   3.078996945040e-17
  -8.970000000000e+00   3.433527820633e-17
  -8.960000000000e+00   3.828282911746e-17
  -8.950000000000e+00   4.267756382300e-17
  -8.940000000000e+00   4.756936538711e-17
  -8.930000000000e+00   5.301359259586e-17
  -8.920000000000e+00   5.907167102087e-17
  -8.910000000000e+00   6.581174677034e-17
  -8.900000000000e+00   7.330940945427e-17
  -8.890000000000e+00   8.164849155689e-17
  -8.880000000000e+00   9.092195214239e-17
  -8.870000000000e+00   1.012328536261e-16
  -8.860000000000e+00   1.126954412305e-16
  -8.850000000000e+00   1.254363357180e-16
  -8.840000000000e+00   1.395958510680e-16
  -8.830000000000e+00   1.553294499376e-16
  -8.820000000000e+00   1.728093510440e-16
  -8.810000000000e+00   1.922263040253e-16
  -8.800000000000e+00   2.137915488995e-16
  -8.790000000000e+00   2.377389789543e-16
  -8.780000000000e+00   2.643275277851e-16
  -8.770000000000e+00   2.938438032640e-16
  -8.760000000000e+00   3.266049934933e-16
  -8.750000000000e+00   3.629620722853e-16
  -8.740000000000e+00   4.033033344434e-16
  -8.730000000000e+00   4.480582941155e-16
  -8.720000000000e+00   4.977019827806e-16
  -8.710000000000e+00   5.527596870320e-16
  -8.700000000000e+00   6.138121702757e-16
  -8.690000000000e+00   6.815014267947e-16
  -8.680000000000e+00   7.565370213796e-16
  -8.670000000000e+00   8.397030729332e-16
  -8.660000000000e+00   9.318659461558e-16
  -8.650000000000e+00   1.033982721669e-15
  -8.640000000000e+00   1.147110521773e-15
  -8.630000000000e+00   1.272416776537e-15
  -8.620000000000e+00   1.411190523106e-15
  -8.610000000000e+00   1.564854840102e-15
  -8.600000000000e+00   1.734980528833e-15
  -8.590000000000e+00   1.923301163755e-15
  -8.580000000000e+00   2.131729646407e-15
  -8.570000000000e+00   2.362376409933e-15
  -8.560000000000e+00   2.617569435341e-15
  -8.550000000000e+00   2.899876256070e-15
  -8.540000000000e+00   3.212128144259e-15
  -8.530000000000e+00   3.557446690478e-15
  -8.520000000000e+00   3.939273008838e-15
  -8.510000000000e+00   4.361399821291e-15
  -8.500000000000e+00   4.828006698981e-15
  -8.490000000000e+00   5.343698764683e-15
  -8.480000000000e+00   5.913549189008e-15
  -8.470000000000e+00   6.543145844270e-15
  -8.460000000000e+00   7.238642514073e-15
  -8.450000000000e+00   8.006815093850e-15
  -8.440000000000e+00   8.855123258267e-15
  -8.430000000000e+00   9.791778115711e-15
  -8.420000000000e+00   1.082581641843e-14
  -8.410000000000e+00   1.196718194969e-14
  -8.400000000000e+00   1.322681476665e-14
  -8.390000000000e+00   1.461674904075e-14
  -8.380000000000e+00   1.615022030515e-14
  -8.370000000000e+00   1.784178299389e-14
  -8.360000000000e+00   1.970743923812e-14
  -8.350000000000e+00   2.176477997344e-14
  -8.340000000000e+00   2.403313950861e-14
  -8.330000000000e+00   2.653376481074e-14
  -8.320000000000e+00   2.929000087641e-14
  -8.310000000000e+00   3.232749368235e-14
  -8.300000000000e+00   3.567441234478e-14
  -8.290000000000e+00   3.936169226359e-14
  -8.280000000000e+00   4.342330118792e-14
  -8.270000000000e+00   4.789653031408e-14
  -8.260000000000e+00   5.282231271583e-14
  -8.250000000000e+00   5.824557161398e-14
  -8.240000000000e+00   6.421560121552e-14
  -8.230000000000e+00   7.078648309684e-14
  -8.220000000000e+00   7.801754136974e-14
  -8.210000000000e+00   8.597384015720e-14
  -8.200000000000e+00   9.472672721783e-14
  -8.190000000000e+00   1.043544278980e-13
  -8.180000000000e+00   1.149426939587e-13
  -8.170000000000e+00   1.265855122251e-13
  -8.160000000000e+00   1.393858784408e-13
  -8.150000000000e+00   1.534566421803e-13
  -8.140000000000e+00   1.689214291868e-13
  -8.130000000000e+00   1.859156480538e-13
  -8.120000000000e+00   2.045875887766e-13
  -8.110000000000e+00   2.250996213481e-13
  -8.100000000000e+00   2.476295032855e-13
  -8.090000000000e+00   2.723718057400e-13
  -8.080000000000e+00   2.995394686756e-13
  -8.070000000000e+00   3.293654965043e-13
  -8.060000000000e+00   3.621048065436e-13
  -8.050000000000e+00   3.980362437200e-13
  -8.040000000000e+00   4.374647760897e-13
  -8.030000000000e+00   4.807238869906e-13
  -8.020000000000e+00   5.281781809832e-13
  -8.010000000000e+00   5.802262221944e-13
  -8.000000000000e+00   6.373036252539e-13
  -7.990000000000e+00   6.998864207181e-13
  -7.980000000000e+00   7.684947187192e-13
  -7.970000000000e+00   8.436966965750e-13
  -7.960000000000e+00   9.261129382494e-13
  -7.950000000000e+00   1.016421155890e-12
  -7.940000000000e+00   1.115361326190e-12
  -7.930000000000e+00   1.223741277039e-12
  -7.920000000000e+00   1.342442762898e-12
  -7.910000000000e+00   1.472428070479e-12
  -7.900000000000e+00   1.614747199782e-12
  -7.890000000000e+00   1.770545669237e-12
  -7.880000000000e+00   1.941072997710e-12
  -7.870000000000e+00   2.127691920461e-12
  -7.860000000000e+00   2.331888400825e-12
  -7.850000000000e+00   2.555282504398e-12
  -7.840000000000e+00   2.799640207993e-12
  -7.830000000000e+00   3.066886221463e-12
  -7.820000000000e+00   3.359117906829e-12
  -7.810000000000e+00   3.678620385992e-12
  -7.800000000000e+00   4.027882935627e-12
  -7.790000000000e+00   4.409616775836e-12
  -7.780000000000e+00   4.826774367646e-12
  -7.770000000000e+00   5.282570343671e-12
  -7.760000000000e+00   5.780504206160e-12
  -7.750000000000e+00   6.324384937356e-12
  -7.740000000000e+00   6.918357678593e-12
  -7.730000000000e+00   7.566932646939e-12
  -7.720000000000e+00   8.275016471538e-12
  -7.710000000000e+00   9.047946146152e-12
  -7.700000000000e+00   9.891525809859e-12
  -7.690000000000e+00   1.081206658445e-11
  -7.680000000000e+00   1.181642971497e-11
  -7.670000000000e+00   1.291207327906e-11
  -7.660000000000e+00   1.410710275135e-11
  -7.650000000000e+00   1.541032573151e-11
  -7.640000000000e+00   1.683131116827e-11
  -7.630000000000e+00   1.838045343747e-11
  -7.620000000000e+00   2.006904165973e-11
  -7.610000000000e+00   2.190933467290e-11
  -7.600000000000e+00   2.391464210626e-11
  -7.590000000000e+00   2.609941203759e-11
  -7.580000000000e+00   2.847932575069e-11
  -7.570000000000e+00   3.107140015059e-11
  -7.560000000000e+00   3.389409843537e-11
  -7.550000000000e+00   3.696744966929e-11
  -7.540000000000e+00   4.031317795002e-11
  -7.530000000000e+00   4.395484191508e-11
  -7.520000000000e+00   4.791798538837e-11
  -7.510000000000e+00   5.223030002728e-11
  -7.500000000000e+00   5.692180089519e-11
  -7.490000000000e+00   6.202501595292e-11
  -7.480000000000e+00   6.757519053588e-11
  -7.470000000000e+00   7.361050796292e-11
  -7.460000000000e+00   8.017232750714e-11
  -7.450000000000e+00   8.730544104897e-11
  -7.440000000000e+00   9.505834982914e-11
  -7.430000000000e+00   1.034835628220e-10
  -7.420000000000e+00   1.126379183610e-10
  -7.410000000000e+00   1.225829307661e-10
  -7.400000000000e+00   1.333851638500e-10
  -7.390000000000e+00   1.451166333149e-10
  -7.380000000000e+00   1.578552401980e-10
  -7.370000000000e+00   1.716852376756e-10
  -7.360000000000e+00   1.866977337057e-10
  -7.350000000000e+00   2.029912321601e-10
  -7.340000000000e+00   2.206722152917e-10
  -7.330000000000e+00   2.398557705801e-10
  -7.320000000000e+00   2.606662652148e-10
  -7.310000000000e+00   2.832380717074e-10
  -7.300000000000e+00   3.077163483665e-10
  -7.290000000000e+00   3.342578786318e-10
  -7.280000000000e+00   3.630319735458e-10
  -7.270000000000e+00   3.942214419335e-10
  -7.260000000000e+00   4.280236331850e-10
  -7.250000000000e+00   4.646515578700e-10
  -7.240000000000e+00   5.043350917748e-10
  -7.230000000000e+00   5.473222693400e-10
  -7.220000000000e+00   5.938806728828e-10
  -7.210000000000e+00   6.442989244289e-10
  -7.200000000000e+00   6.988882874401e-10
  -7.190000000000e+00   7.579843862226e-10
  -7.180000000000e+00   8.219490513255e-10
  -7.170000000000e+00   8.911722998013e-10
  -7.160000000000e+00   9.660744597991e-10
  -7.150000000000e+00   1.047108449593e-09
  -7.140000000000e+00   1.134762221826e-09
  -7.130000000000e+00   1.229561384471e-09
  -7.120000000000e+00   1.332072010771e-09
  -7.110000000000e+00   1.442903651229e-09
  -7.100000000000e+00   1.562712561596e-09
  -7.090000000000e+00   1.692205161707e-09
  -7.080000000000e+00   1.832141740994e-09
  -7.070000000000e+00   1.983340427546e-09
  -7.060000000000e+00   2.146681438680e-09
  -7.050000000000e+00   2.323111632145e-09
  -7.040000000000e+00   2.513649378342e-09
  -7.030000000000e+00   2.719389775232e-09
  -7.020000000000e+00   2.941510229010e-09
  -7.010000000000e+00   3.181276425101e-09
  -7.000000000000e+00   3.440048715602e-09
  -6.990000000000e+00   3.719288950950e-09
  -6.980000000000e+00   4.020567785362e-09
  -6.970000000000e+00   4.345572487464e-09
  -6.960000000000e+00   4.696115289490e-09
  -6.950000000000e+00   5.074142310546e-09
  -6.940000000000e+00   5.481743091633e-09
  -6.930000000000e+00   5.921160782483e-09
  -6.920000000000e+00   6.394803022750e-09
  -6.910000000000e+00   6.905253562719e-09
  -6.900000000000e+00   7.455284671483e-09
  -6.890000000000e+00   8.047870383496e-09
  -6.880000000000e+00   8.686200637492e-09
  -6.870000000000e+00   9.373696365091e-09
  -6.860000000000e+00   1.011402558986e-08
  -6.850000000000e+00   1.091112060131e-08
  -6.840000000000e+00   1.176919627209e-08
  -6.830000000000e+00   1.269276959103e-08
  -6.820000000000e+00   1.368668048849e-08
  -6.810000000000e+00   1.475611403574e-08
  -6.800000000000e+00   1.590662410423e-08
  -6.790000000000e+00   1.714415857632e-08
  -6.780000000000e+00   1.847508620387e-08
  -6.770000000000e+00   1.990622521723e-08
  -6.760000000000e+00   2.144487379287e-08
  -6.750000000000e+00   2.309884249423e-08
  -6.740000000000e+00   2.487648880715e-08
  -6.730000000000e+00   2.678675389809e-08
  -6.720000000000e+00   2.883920173082e-08
  -6.710000000000e+00   3.104406068504e-08
  -6.700000000000e+00   3.341226782845e-08
  -6.690000000000e+00   3.595551600264e-08
  -6.680000000000e+00   3.868630389200e-08
  -6.670000000000e+00   4.161798925451e-08
  -6.660000000000e+00   4.476484550332e-08
  -6.650000000000e+00   4.814212183856e-08
  -6.640000000000e+00   5.176610713988e-08
  -6.630000000000e+00   5.565419784204e-08
  -6.620000000000e+00   5.982497002785e-08
  -6.610000000000e+00   6.429825598606e-08
  -6.600000000000e+00   6.909522549479e-08
  -6.590000000000e+00   7.423847210599e-08
  -6.580000000000e+00   7.975210472058e-08
  -6.570000000000e+00   8.566184476022e-08
  -6.560000000000e+00   9.199512925778e-08
  -6.550000000000e+00   9.878122020575e-08
  -6.540000000000e+00   1.060513205202e-07
  -6.530000000000e+00   1.138386969966e-07
  -6.520000000000e+00   1.221788106538e-07
  -6.510000000000e+00   1.311094548833e-07
  -6.500000000000e+00   1.406709018422e-07
  -6.490000000000e+00   1.509060575529e-07
  -6.480000000000e+00   1.618606261938e-07
  -6.470000000000e+00   1.735832840920e-07
  -6.460000000000e+00   1.861258639558e-07
  -6.450000000000e+00   1.995435499104e-07
  -6.440000000000e+00   2.138950839305e-07
  -6.430000000000e+00   2.292429842918e-07
  -6.420000000000e+00   2.456537766970e-07
  -6.410000000000e+00   2.631982387626e-07
  -6.400000000000e+00   2.819516585882e-07
  -6.390000000000e+00   3.019941081651e-07
  -6.380000000000e+00   3.234107324187e-07
  -6.370000000000e+00   3.462920547187e-07
  -6.360000000000e+00   3.707342997296e-07
  -6.350000000000e+00   3.968397345204e-07
  -6.340000000000e+00   4.247170288910e-07
  -6.330000000000e+00   4.544816359258e-07
  -6.320000000000e+00   4.862561938262e-07
  -6.310000000000e+00   5.201709501292e-07
  -6.300000000000e+00   5.563642094682e-07
  -6.290000000000e+00   5.949828060883e-07
  -6.280000000000e+00   6.361826023834e-07
  -6.270000000000e+00   6.801290147839e-07
  -6.260000000000e+00   7.269975683810e-07
  -6.250000000000e+00   7.769744817420e-07
  -6.240000000000e+00   8.302572834338e-07
  -6.230000000000e+00   8.870554618416e-07
  -6.220000000000e+00   9.475911499433e-07
  -6.210000000000e+00   1.012099846771e-06
  -6.200000000000e+00   1.080831177370e-06
  -6.190000000000e+00   1.154049693152e-06
  -6.180000000000e+00   1.232035714601e-06
  -6.170000000000e+00   1.315086218416e-06
  -6.160000000000e+00   1.403515771212e-06
  -6.150000000000e+00   1.497657512051e-06
  -6.140000000000e+00   1.597864186113e-06
  -6.130000000000e+00   1.704509231971e-06
  -6.120000000000e+00   1.817987924993e-06
  -6.110000000000e+00   1.938718579528e-06
  -6.100000000000e+00   2.067143812633e-06
  -6.090000000000e+00   2.203731872216e-06
  -6.080000000000e+00   2.348978032581e-06
  -6.070000000000e+00   2.503406060498e-06
  -6.060000000000e+00   2.667569755028e-06
  -6.050000000000e+00   2.842054564481e-06
  -6.040000000000e+00   3.027479284010e-06
  -6.030000000000e+00   3.224497837481e-06
  -6.020000000000e+00   3.433801147420e-06
  -6.010000000000e+00   3.656119096958e-06
  -6.000000000000e+00   3.892222587867e-06
  -5.990000000000e+00   4.142925698946e-06
  -5.980000000000e+00   4.409087949139e-06
  -5.970000000000e+00   4.691616669990e-06
  -5.960000000000e+00   4.991469492152e-06
  -5.950000000000e+00   5.309656950895e-06
  -5.940000000000e+00   5.647245215711e-06
  -5.930000000000e+00   6.005358949297e-06
  -5.920000000000e+00   6.385184301415e-06
  -5.910000000000e+00   6.787972043298e-06
  -5.900000000000e+00   7.215040848487e-06
  -5.890000000000e+00   7.667780726188e-06
  -5.880000000000e+00   8.147656613453e-06
  -5.870000000000e+00   8.656212132696e-06
  -5.860000000000e+00   9.195073521303e-06
  -5.850000000000e+00   9.765953740291e-06
  -5.840000000000e+00   1.037065676922e-05
  -5.830000000000e+00   1.101108209485e-05
  -5.820000000000e+00   1.168922940110e-05
  -5.810000000000e+00   1.240720346847e-05
  -5.800000000000e+00   1.316721929086e-05
  -5.790000000000e+00   1.397160741846e-05
  -5.780000000000e+00   1.482281953529e-05
  -5.770000000000e+00   1.572343428041e-05
  -5.760000000000e+00   1.667616332217e-05
  -5.750000000000e+00   1.768385769481e-05
  -5.740000000000e+00   1.874951440753e-05
  -5.730000000000e+00   1.987628333591e-05
  -5.720000000000e+00   2.106747440620e-05
  -5.710000000000e+00   2.232656508321e-05
  -5.700000000000e+00   2.365720817272e-05
  -5.690000000000e+00   2.506323994990e-05
  -5.680000000000e+00   2.654868862510e-05
  -5.670000000000e+00   2.811778315928e-05
  -5.660000000000e+00   2.977496244110e-05
  -5.650000000000e+00   3.152488483830e-05
  -5.640000000000e+00   3.337243813641e-05
  -5.630000000000e+00   3.532274987786e-05
  -5.620000000000e+00   3.738119811508e-05
  -5.610000000000e+00   3.955342259164e-05
  -5.600000000000e+00   4.184533636535e-05
  -5.590000000000e+00   4.426313788825e-05
  -5.580000000000e+00   4.681332355800e-05
  -5.570000000000e+00   4.950270075617e-05
  -5.560000000000e+00   5.233840138888e-05
  -5.550000000000e+00   5.532789594562e-05
  -5.540000000000e+00   5.847900809262e-05
  -5.530000000000e+00   6.179992981709e-05
  -5.520000000000e+00   6.529923713948e-05
  -5.510000000000e+00   6.898590641072e-05
  -5.500000000000e+00   7.286933121206e-05
  -5.490000000000e+00   7.695933987535e-05
  -5.480000000000e+00   8.126621364190e-05
  -5.470000000000e+00   8.580070547827e-05
  -5.460000000000e+00   9.057405956797e-05
  -5.450000000000e+00   9.559803149776e-05
  -5.440000000000e+00   1.008849091583e-04
  -5.430000000000e+00   1.064475343781e-04
  -5.420000000000e+00   1.122993253119e-04
  -5.410000000000e+00   1.184542996014e-04
  -5.400000000000e+00   1.249270983314e-04
  -5.390000000000e+00   1.317330107995e-04
  -5.380000000000e+00   1.388880001221e-04
  -5.370000000000e+00   1.464087296957e-04
  -5.360000000000e+00   1.543125905372e-04
  -5.350000000000e+00   1.626177295218e-04
  -5.340000000000e+00   1.713430785419e-04
  -5.330000000000e+00   1.805083846086e-04
  -5.320000000000e+00   1.901342409155e-04
  -5.310000000000e+00   2.002421188900e-04
  -5.300000000000e+00   2.108544012502e-04
  -5.290000000000e+00   2.219944160925e-04
  -5.280000000000e+00   2.336864720302e-04
  -5.270000000000e+00   2.459558944047e-04
  -5.260000000000e+00   2.588290625925e-04
  -5.250000000000e+00   2.723334484291e-04
  -5.240000000000e+00   2.864976557708e-04
  -5.230000000000e+00   3.013514612170e-04
  -5.220000000000e+00   3.169258560143e-04
  -5.210000000000e+00   3.332530891625e-04
  -5.200000000000e+00   3.503667117448e-04
  -5.190000000000e+00   3.683016225014e-04
  -5.180000000000e+00   3.870941146684e-04
  -5.170000000000e+00   4.067819241001e-04
  -5.160000000000e+00   4.274042786958e-04
  -5.150000000000e+00   4.490019491491e-04
  -5.140000000000e+00   4.716173010384e-04
  -5.130000000000e+00   4.952943482770e-04
  -5.120000000000e+00   5.200788079398e-04
  -5.110000000000e+00   5.460181564825e-04
  -5.100000000000e+00   5.731616873711e-04
  -5.090000000000e+00   6.015605701349e-04
  -5.080000000000e+00   6.312679108582e-04
  -5.070000000000e+00   6.623388141249e-04
  -5.060000000000e+00   6.948304464261e-04
  -5.050000000000e+00   7.288021010453e-04
  -5.040000000000e+00   7.643152644282e-04
  -5.030000000000e+00   8.014336840495e-04
  -5.020000000000e+00   8.402234377819e-04
  -5.010000000000e+00   8.807530047760e-04
  -5.000000000000e+00   9.230933378548e-04
  -4.990000000000e+00   9.673179374277e-04
  -4.980000000000e+00   1.013502926927e-03
  -4.970000000000e+00   1.061727129763e-03
  -4.960000000000e+00   1.112072147808e-03
  -4.950000000000e+00   1.164622441389e-03
  -4.940000000000e+00   1.219465410804e-03
  -4.930000000000e+00   1.276691479337e-03
  -4.920000000000e+00   1.336394177782e-03
  -4.910000000000e+00   1.398670230449e-03
  -4.900000000000e+00   1.463619642648e-03
  -4.890000000000e+00   1.531345789633e-03
  -4.880000000000e+00   1.601955506996e-03
  -4.870000000000e+00   1.675559182479e-03
  -4.860000000000e+00   1.752270849188e-03
  -4.850000000000e+00   1.832208280194e-03
  -4.840000000000e+00   1.915493084471e-03
  -4.830000000000e+00   2.002250804167e-03
  -4.820000000000e+00   2.092611013151e-03
  -4.810000000000e+00   2.186707416819e-03
  -4.800000000000e+00   2.284677953110e-03
  -4.790000000000e+00   2.386664894691e-03
  -4.780000000000e+00   2.492814952265e-03
  -4.770000000000e+00   2.603279378961e-03
  -4.760000000000e+00   2.718214075745e-03
  -4.750000000000e+00   2.837779697795e-03
  -4.740000000000e+00   2.962141761795e-03
  -4.730000000000e+00   3.091470754069e-03
  -4.720000000000e+00   3.225942239502e-03
  -4.710000000000e+00   3.365736971161e-03
  -4.700000000000e+00   3.511041000568e-03
  -4.690000000000e+00   3.662045788519e-03
  -4.680000000000e+00   3.818948316385e-03
  -4.670000000000e+00   3.981951197808e-03
  -4.660000000000e+00   4.151262790688e-03
  -4.650000000000e+00   4.327097309387e-03
  -4.640000000000e+00   4.509674937038e-03
  -4.630000000000e+00   4.699221937849e-03
  -4.620000000000e+00   4.895970769327e-03
  -4.610000000000e+00   5.100160194261e-03
  -4.600000000000e+00   5.312035392401e-03
  -4.590000000000e+00   5.531848071665e-03
  -4.580000000000e+00   5.759856578785e-03
  -4.570000000000e+00   5.996326009240e-03
  -4.560000000000e+00   6.241528316351e-03
  -4.550000000000e+00   6.495742419397e-03
  -4.540000000000e+00   6.759254310608e-03
  -4.530000000000e+00   7.032357160889e-03
  -4.520000000000e+00   7.315351424119e-03
  -4.510000000000e+00   7.608544939868e-03
  -4.500000000000e+00   7.912253034371e-03
  -4.490000000000e+00   8.226798619597e-03
  -4.480000000000e+00   8.552512290230e-03
  -4.470000000000e+00   8.889732418395e-03
  -4.460000000000e+00   9.238805245954e-03
  -4.450000000000e+00   9.600084974164e-03
  -4.440000000000e+00   9.973933850547e-03
  -4.430000000000e+00   1.036072225273e-02
  -4.420000000000e+00   1.076082876911e-02
  -4.410000000000e+00   1.117464027609e-02
  -4.400000000000e+00   1.160255201171e-02
  -4.390000000000e+00   1.204496764551e-02
  -4.380000000000e+00   1.250229934426e-02
  -4.370000000000e+00   1.297496783351e-02
  -4.360000000000e+00   1.346340245471e-02
  -4.350000000000e+00   1.396804121749e-02
  -4.340000000000e+00   1.448933084719e-02
  -4.330000000000e+00   1.502772682712e-02
  -4.320000000000e+00   1.558369343545e-02
  -4.310000000000e+00   1.615770377655e-02
  -4.300000000000e+00   1.675023980637e-02
  -4.290000000000e+00   1.736179235176e-02
  -4.280000000000e+00   1.799286112348e-02
  -4.270000000000e+00   1.864395472258e-02
  -4.260000000000e+00   1.931559063990e-02
  -4.250000000000e+00   2.000829524860e-02
  -4.240000000000e+00   2.072260378924e-02
  -4.230000000000e+00   2.145906034734e-02
  -4.220000000000e+00   2.221821782309e-02
  -4.210000000000e+00   2.300063789293e-02
  -4.200000000000e+00   2.380689096292e-02
  -4.190000000000e+00   2.463755611334e-02
  -4.180000000000e+00   2.549322103461e-02
  -4.170000000000e+00   2.637448195404e-02
  -4.160000000000e+00   2.728194355327e-02
  -4.150000000000e+00   2.821621887614e-02
  -4.140000000000e+00   2.917792922671e-02
  -4.130000000000e+00   3.016770405729e-02
  -4.120000000000e+00   3.118618084605e-02
  -4.110000000000e+00   3.223400496421e-02
  -4.100000000000e+00   3.331182953241e-02
  -4.090000000000e+00   3.442031526608e-02
  -4.080000000000e+00   3.556013030963e-02
  -4.070000000000e+00   3.673195005920e-02
  -4.060000000000e+00   3.793645697376e-02
  -4.050000000000e+00   3.917434037434e-02
  -4.040000000000e+00   4.044629623126e-02
  -4.030000000000e+00   4.175302693910e-02
  -4.020000000000e+00   4.309524107925e-02
  -4.010000000000e+00   4.447365316983e-02
  -4.000000000000e+00   4.588898340289e-02
  -3.990000000000e+00   4.734195736865e-02
  -3.980000000000e+00   4.883330576665e-02
  -3.970000000000e+00   5.036376410373e-02
  -3.960000000000e+00   5.193407237856e-02
  -3.950000000000e+00   5.354497475281e-02
  -3.940000000000e+00   5.519721920867e-02
  -3.930000000000e+00   5.689155719266e-02
  -3.920000000000e+00   5.862874324578e-02
  -3.910000000000e+00   6.040953461973e-02
  -3.900000000000e+00   6.223469087927e-02
  -3.890000000000e+00   6.410497349060e-02
  -3.880000000000e+00   6.602114539582e-02
  -3.870000000000e+00   6.798397057338e-02
  -3.860000000000e+00   6.999421358451e-02
  -3.850000000000e+00   7.205263910565e-02
  -3.840000000000e+00   7.416001144704e-02
  -3.830000000000e+00   7.631709405723e-02
  -3.820000000000e+00   7.852464901393e-02
  -3.810000000000e+00   8.078343650091e-02
  -3.800000000000e+00   8.309421427141e-02
  -3.790000000000e+00   8.545773709783e-02
  -3.780000000000e+00   8.787475620814e-02
  -3.770000000000e+00   9.034601870894e-02
  -3.760000000000e+00   9.287226699541e-02
  -3.750000000000e+00   9.545423814845e-02
  -3.740000000000e+00   9.809266331899e-02
  -3.730000000000e+00   1.007882670999e-01
  -3.720000000000e+00   1.035417668859e-01
  -3.710000000000e+00   1.063538722208e-01
  -3.700000000000e+00   1.092252841342e-01
  -3.690000000000e+00   1.121566944659e-01
  -3.680000000000e+00   1.151487851796e-01
  -3.670000000000e+00   1.182022276661e-01
  -3.660000000000e+00   1.213176820362e-01
  -3.650000000000e+00   1.244957964036e-01
  -3.640000000000e+00   1.277372061580e-01
  -3.630000000000e+00   1.310425332302e-01
  -3.620000000000e+00   1.344123853475e-01
  -3.610000000000e+00   1.378473552815e-01
  -3.600000000000e+00   1.413480200888e-01
  -3.590000000000e+00   1.449149403437e-01
  -3.580000000000e+00   1.485486593653e-01
  -3.570000000000e+00   1.522497024379e-01
  -3.560000000000e+00   1.560185760267e-01
  -3.550000000000e+00   1.598557669887e-01
  -3.540000000000e+00   1.637617417787e-01
  -3.530000000000e+00   1.677369456532e-01
  -3.520000000000e+00   1.717818018704e-01
  -3.510000000000e+00   1.758967108886e-01
  -3.500000000000e+00   1.800820495632e-01
  -3.490000000000e+00   1.843381703431e-01
  -3.480000000000e+00   1.886654004670e-01
  -3.470000000000e+00   1.930640411608e-01
  -3.460000000000e+00   1.975343668363e-01
  -3.450000000000e+00   2.020766242930e-01
  -3.440000000000e+00   2.066910319225e-01
  -3.430000000000e+00   2.113777789174e-01
  -3.420000000000e+00   2.161370244849e-01
  -3.410000000000e+00   2.209688970662e-01
  -3.400000000000e+00   2.258734935630e-01
  -3.390000000000e+00   2.308508785708e-01
  -3.380000000000e+00   2.359010836215e-01
  -3.370000000000e+00   2.410241064346e-01
  -3.360000000000e+00   2.462199101789e-01
  -3.350000000000e+00   2.514884227460e-01
  -3.340000000000e+00   2.568295360348e-01
  -3.330000000000e+00   2.622431052500e-01
  -3.320000000000e+00   2.677289482143e-01
  -3.310000000000e+00   2.732868446952e-01
  -3.300000000000e+00   2.789165357486e-01
  -3.290000000000e+00   2.846177230781e-01
  -3.280000000000e+00   2.903900684130e-01
  -3.270000000000e+00   2.962331929050e-01
  -3.260000000000e+00   3.021466765439e-01
  -3.250000000000e+00   3.081300575952e-01
  -3.240000000000e+00   3.141828320580e-01
  -3.230000000000e+00   3.203044531464e-01
  -3.220000000000e+00   3.264943307944e-01
  -3.210000000000e+00   3.327518311845e-01
  -3.200000000000e+00   3.390762763024e-01
  -3.190000000000e+00   3.454669435179e-01
  -3.180000000000e+00   3.519230651924e-01
  -3.170000000000e+00   3.584438283155e-01
  -3.160000000000e+00   3.650283741693e-01
  -3.150000000000e+00   3.716757980234e-01
  -3.140000000000e+00   3.783851488604e-01
  -3.130000000000e+00   3.851554291327e-01
  -3.120000000000e+00   3.919855945512e-01
  -3.110000000000e+00   3.988745539081e-01
  -3.100000000000e+00   4.058211689324e-01
  -3.090000000000e+00   4.128242541805e-01
  -3.080000000000e+00   4.198825769621e-01
  -3.070000000000e+00   4.269948573018e-01
  -3.060000000000e+00   4.341597679372e-01
  -3.050000000000e+00   4.413759343549e-01
  -3.040000000000e+00   4.486419348633e-01
  -3.030000000000e+00   4.559563007046e-01
  -3.020000000000e+00   4.633175162055e-01
  -3.010000000000e+00   4.707240189670e-01
  -3.000000000000e+00   4.781742000945e-01
  -2.990000000000e+00   4.856664044681e-01
  -2.980000000000e+00   4.931989310533e-01
  -2.970000000000e+00   5.007700332532e-01
  -2.960000000000e+00   5.083779193015e-01
  -2.950000000000e+00   5.160207526978e-01
  -2.940000000000e+00   5.236966526844e-01
  -2.930000000000e+00   5.314036947647e-01
  -2.920000000000e+00   5.391399112646e-01
  -2.910000000000e+00   5.469032919359e-01
  -2.900000000000e+00   5.546917846015e-01
  -2.890000000000e+00   5.625032958436e-01
  -2.880000000000e+00   5.703356917341e-01
  -2.870000000000e+00   5.781867986066e-01
  -2.860000000000e+00   5.860544038715e-01
  -2.850000000000e+00   5.939362568721e-01
  -2.840000000000e+00   6.018300697828e-01
  -2.830000000000e+00   6.097335185485e-01
  -2.820000000000e+00   6.176442438650e-01
  -2.810000000000e+00   6.255598522006e-01
  -2.800000000000e+00   6.334779168572e-01
  -2.790000000000e+00   6.413959790714e-01
  -2.780000000000e+00   6.493115491554e-01
  -2.770000000000e+00   6.572221076754e-01
  -2.760000000000e+00   6.651251066695e-01
  -2.750000000000e+00   6.730179709013e-01
  -2.740000000000e+00   6.808980991516e-01
  -2.730000000000e+00   6.887628655452e-01
  -2.720000000000e+00   6.966096209124e-01
  -2.710000000000e+00   7.044356941855e-01
  -2.700000000000e+00   7.122383938281e-01
  -2.690000000000e+00   7.200150092963e-01
  -2.680000000000e+00   7.277628125316e-01
  -2.670000000000e+00   7.354790594840e-01
  -2.660000000000e+00   7.431609916638e-01
  -2.650000000000e+00   7.508058377215e-01
  -2.640000000000e+00   7.584108150548e-01
  -2.630000000000e+00   7.659731314402e-01
  -2.620000000000e+00   7.734899866897e-01
  -2.610000000000e+00   7.809585743302e-01
  -2.600000000000e+00   7.883760833039e-01
  -2.590000000000e+00   7.957396996893e-01
  -2.580000000000e+00   8.030466084414e-01
  -2.570000000000e+00   8.102939951479e-01
  -2.560000000000e+00   8.174790478027e-01
  -2.550000000000e+00   8.245989585922e-01
  -2.540000000000e+00   8.316509256955e-01
  -2.530000000000e+00   8.386321550948e-01
  -2.520000000000e+00   8.455398623962e-01
  -2.510000000000e+00   8.523712746573e-01
  -2.500000000000e+00   8.591236322220e-01
  -2.490000000000e+00   8.657941905594e-01
  -2.480000000000e+00   8.723802221057e-01
  -2.470000000000e+00   8.788790181068e-01
  -2.460000000000e+00   8.852878904610e-01
  -2.450000000000e+00   8.916041735591e-01
  -2.440000000000e+00   8.978252261199e-01
  -2.430000000000e+00   9.039484330212e-01
  -2.420000000000e+00   9.099712071214e-01
  -2.410000000000e+00   9.158909910736e-01
  -2.400000000000e+00   9.217052591270e-01
  -2.390000000000e+00   9.274115189166e-01
  -2.380000000000e+00   9.330073132374e-01
  -2.370000000000e+00   9.384902218028e-01
  -2.360000000000e+00   9.438578629845e-01
  -2.350000000000e+00   9.491078955322e-01
  -2.340000000000e+00   9.542380202725e-01
  -2.330000000000e+00   9.592459817835e-01
  -2.320000000000e+00   9.641295700451e-01
  -2.310000000000e+00   9.688866220617e-01
  -2.300000000000e+00   9.735150234573e-01
  -2.290000000000e+00   9.780127100402e-01
  -2.280000000000e+00   9.823776693356e-01
  -2.270000000000e+00   9.866079420858e-01
  -2.260000000000e+00   9.907016237147e-01
  -2.250000000000e+00   9.946568657562e-01
  -2.240000000000e+00   9.984718772454e-01
  -2.230000000000e+00   1.002144926069e+00
  -2.220000000000e+00   1.005674340277e+00
  -2.210000000000e+00   1.009058509349e+00
  -2.200000000000e+00   1.012295885423e+00
  -2.190000000000e+00   1.015384984469e+00
  -2.180000000000e+00   1.018324387431e+00
  -2.170000000000e+00   1.021112741308e+00
  -2.160000000000e+00   1.023748760193e+00
  -2.150000000000e+00   1.026231226264e+00
  -2.140000000000e+00   1.028558990720e+00
  -2.130000000000e+00   1.030730974672e+00
  -2.120000000000e+00   1.032746169969e+00
  -2.110000000000e+00   1.034603639986e+00
  -2.100000000000e+00   1.036302520346e+00
  -2.090000000000e+00   1.037842019594e+00
  -2.080000000000e+00   1.039221419809e+00
  -2.070000000000e+00   1.040440077166e+00
  -2.060000000000e+00   1.041497422436e+00
  -2.050000000000e+00   1.042392961429e+00
  -2.040000000000e+00   1.043126275384e+00
  -2.030000000000e+00   1.043697021291e+00
  -2.020000000000e+00   1.044104932163e+00
  -2.010000000000e+00   1.044349817245e+00
  -2.000000000000e+00   1.044431562163e+00
  -1.990000000000e+00   1.044350129015e+00
  -1.980000000000e+00   1.044105556402e+00
  -1.970000000000e+00   1.043697959397e+00
  -1.960000000000e+00   1.043127529459e+00
  -1.950000000000e+00   1.042394534283e+00
  -1.940000000000e+00   1.041499317595e+00
  -1.930000000000e+00   1.040442298882e+00
  -1.920000000000e+00   1.039223973070e+00
  -1.910000000000e+00   1.037844910138e+00
  -1.900000000000e+00   1.036305754677e+00
  -1.890000000000e+00   1.034607225393e+00
  -1.880000000000e+00   1.032750114546e+00
  -1.870000000000e+00   1.030735287343e+00
  -1.860000000000e+00   1.028563681271e+00
  -1.850000000000e+00   1.026236305368e+00
  -1.840000000000e+00   1.023754239456e+00
  -1.830000000000e+00   1.021118633304e+00
  -1.820000000000e+00   1.018330705756e+00
  -1.810000000000e+00   1.015391743790e+00
  -1.800000000000e+00   1.012303101547e+00
  -1.790000000000e+00   1.009066199296e+00
  -1.780000000000e+00   1.005682522357e+00
  -1.770000000000e+00   1.002153619985e+00
  -1.760000000000e+00   9.984811041994e-01
  -1.750000000000e+00   9.946666485778e-01
  -1.740000000000e+00   9.907119870076e-01
  -1.730000000000e+00   9.866189123971e-01
  -1.720000000000e+00   9.823892753518e-01
  -1.710000000000e+00   9.780249828140e-01
  -1.700000000000e+00   9.735279966704e-01
  -1.690000000000e+00   9.689003323291e-01
  -1.680000000000e+00   9.641440572680e-01
  -1.670000000000e+00   9.592612895590e-01
  -1.660000000000e+00   9.542541963681e-01
  -1.650000000000e+00   9.491249924366e-01
  -1.640000000000e+00   9.438759385463e-01
  -1.630000000000e+00   9.385093399710e-01
  -1.620000000000e+00   9.330275449195e-01
  -1.610000000000e+00   9.274329429729e-01
  -1.600000000000e+00   9.217279635215e-01
  -1.590000000000e+00   9.159150742057e-01
  -1.580000000000e+00   9.099967793660e-01
  -1.570000000000e+00   9.039756185072e-01
  -1.560000000000e+00   8.978541647838e-01
  -1.550000000000e+00   8.916350235130e-01
  -1.540000000000e+00   8.853208307208e-01
  -1.530000000000e+00   8.789142517324e-01
  -1.520000000000e+00   8.724179798113e-01
  -1.510000000000e+00   8.658347348599e-01
  -1.500000000000e+00   8.591672621900e-01
  -1.490000000000e+00   8.524183313738e-01
  -1.480000000000e+00   8.455907351892e-01
  -1.470000000000e+00   8.386872886706e-01
  -1.460000000000e+00   8.317108282804e-01
  -1.450000000000e+00   8.246642112173e-01
  -1.440000000000e+00   8.175503148762e-01
  -1.430000000000e+00   8.103720364806e-01
  -1.420000000000e+00   8.031322929048e-01
  -1.410000000000e+00   7.958340207095e-01
  -1.400000000000e+00   7.884801764117e-01
  -1.390000000000e+00   7.810737370161e-01
  -1.380000000000e+00   7.736177008327e-01
  -1.370000000000e+00   7.661150886110e-01
  -1.360000000000e+00   7.585689450210e-01
  -1.350000000000e+00   7.509823405130e-01
  -1.340000000000e+00   7.433583735937e-01
  -1.330000000000e+00   7.357001735528e-01
  -1.320000000000e+00   7.280109036827e-01
  -1.310000000000e+00   7.202937650307e-01
  -1.300000000000e+00   7.125520007286e-01
  -1.290000000000e+00   7.047889009461e-01
  -1.280000000000e+00   6.970078085161e-01
  -1.270000000000e+00   6.892121252805e-01
  -1.260000000000e+00   6.814053192112e-01
  -1.250000000000e+00   6.735909323572e-01
  -1.240000000000e+00   6.657725896741e-01
  -1.230000000000e+00   6.579540087912e-01
  -1.220000000000e+00   6.501390107728e-01
  -1.210000000000e+00   6.423315319316e-01
  -1.200000000000e+00   6.345356367480e-01
  -1.190000000000e+00   6.267555319545e-01
  -1.180000000000e+00   6.189955818366e-01
  -1.170000000000e+00   6.112603248039e-01
  -1.160000000000e+00   6.035544912802e-01
  -1.150000000000e+00   5.958830229579e-01
  -1.140000000000e+00   5.882510934574e-01
  -1.130000000000e+00   5.806641304267e-01
  -1.120000000000e+00   5.731278391082e-01
  -1.110000000000e+00   5.656482273935e-01
  -1.100000000000e+00   5.582316323764e-01
  -1.090000000000e+00   5.508847484029e-01
  -1.080000000000e+00   5.436146566073e-01
  -1.070000000000e+00   5.364288559067e-01
  -1.060000000000e+00   5.293352954136e-01
  -1.050000000000e+00   5.223424082080e-01
  -1.040000000000e+00   5.154591463934e-01
  -1.030000000000e+00   5.086950173395e-01
  -1.020000000000e+00   5.020601209944e-01
  -1.010000000000e+00   4.955651881261e-01
  -1.000000000000e+00   4.892216193265e-01
  -9.900000000000e-01   4.830415245875e-01
  -9.800000000000e-01   4.770377632314e-01
  -9.700000000000e-01   4.712239839459e-01
  -9.600000000000e-01   4.656146646500e-01
  -9.500000000000e-01   4.602251518809e-01
  -9.400000000000e-01   4.550716993657e-01
  -9.300000000000e-01   4.501715054075e-01
  -9.200000000000e-01   4.455427486841e-01
  -9.100000000000e-01   4.412046220282e-01
  -9.000000000000e-01   4.371773637248e-01
  -8.900000000000e-01   4.334822858332e-01
  -8.800000000000e-01   4.301417990132e-01
  -8.700000000000e-01   4.271794333058e-01
  -8.600000000000e-01   4.246198542992e-01
  -8.500000000000e-01   4.224888740841e-01
  -8.400000000000e-01   4.208134563887e-01
  -8.300000000000e-01   4.196217152668e-01
  -8.200000000000e-01   4.189429067047e-01
  -8.100000000000e-01   4.188074125047e-01
  -8.000000000000e-01   4.192467158076e-01
  -7.900000000000e-01   4.202933676198e-01
  -7.800000000000e-01   4.219809437248e-01
  -7.700000000000e-01   4.243439913799e-01
  -7.600000000000e-01   4.274179652258e-01
  -7.500000000000e-01   4.312391518701e-01
  -7.400000000000e-01   4.358445826548e-01
  -7.300000000000e-01   4.412719341622e-01
  -7.200000000000e-01   4.475594160822e-01
  -7.100000000000e-01   4.547456461280e-01
  -7.000000000000e-01   4.628695117671e-01
  -6.900000000000e-01   4.719700186250e-01
  -6.800000000000e-01   4.820861255083e-01
  -6.700000000000e-01   4.932565661060e-01
  -6.600000000000e-01   5.055196575335e-01
  -6.500000000000e-01   5.189130960068e-01
  -6.400000000000e-01   5.334737400617e-01
  -6.300000000000e-01   5.492373818622e-01
  -6.200000000000e-01   5.662385072830e-01
  -6.100000000000e-01   5.845100455914e-01
  -6.000000000000e-01   6.040831096986e-01
  -5.900000000000e-01   6.249867280969e-01
  -5.800000000000e-01   6.472475697471e-01
  -5.700000000000e-01   6.708896633224e-01
  -5.600000000000e-01   6.959341123626e-01
  -5.500000000000e-01   7.223988080246e-01
  -5.400000000000e-01   7.502981412533e-01
  -5.300000000000e-01   7.796427163137e-01
  -5.200000000000e-01   8.104390677466e-01
  -5.100000000000e-01   8.426893829054e-01
  -5.000000000000e-01   8.763912323253e-01
  -4.900000000000e-01   9.115373102492e-01
  -4.800000000000e-01   9.481151876887e-01
  -4.700000000000e-01   9.861070804415e-01
  -4.600000000000e-01   1.025489634502e+00
  -4.500000000000e-01   1.066233731300e+00
  -4.400000000000e-01   1.108304315182e+00
  -4.300000000000e-01   1.151660245487e+00
  -4.200000000000e-01   1.196254175527e+00
  -4.100000000000e-01   1.242032460638e+00
  -4.000000000000e-01   1.288935097405e+00
  -3.900000000000e-01   1.336895695956e+00
  -3.800000000000e-01   1.385841487100e+00
  -3.700000000000e-01   1.435693365864e+00
  -3.600000000000e-01   1.486365972760e+00
  -3.500000000000e-01   1.537767813896e+00
  -3.400000000000e-01   1.589801420760e+00
  -3.300000000000e-01   1.642363550250e+00
  -3.200000000000e-01   1.695345425196e+00
  -3.100000000000e-01   1.748633015348e+00
  -3.000000000000e-01   1.802107358452e+00
  -2.900000000000e-01   1.855644920714e+00
  -2.800000000000e-01   1.909117995618e+00
  -2.700000000000e-01   1.962395139734e+00
  -2.600000000000e-01   2.015341643779e+00
  -2.500000000000e-01   2.067820036908e+00
  -2.400000000000e-01   2.119690621843e+00
  -2.300000000000e-01   2.170812038158e+00
  -2.200000000000e-01   2.221041850725e+00
  -2.100000000000e-01   2.270237160050e+00
  -2.000000000000e-01   2.318255230966e+00
  -1.900000000000e-01   2.364954135901e+00
  -1.800000000000e-01   2.410193408767e+00
  -1.700000000000e-01   2.453834705284e+00
  -1.600000000000e-01   2.495742465467e+00
  -1.500000000000e-01   2.535784573849e+00
  -1.400000000000e-01   2.573833012972e+00
  -1.300000000000e-01   2.609764505623e+00
  -1.200000000000e-01   2.643461141325e+00
  -1.100000000000e-01   2.674810982604e+00
  -1.000000000000e-01   2.703708646691e+00
  -9.000000000000e-02   2.730055858390e+00
  -8.000000000000e-02   2.753761970058e+00
  -7.000000000000e-02   2.774744444831e+00
  -6.000000000000e-02   2.792929299462e+00
  -5.000000000000e-02   2.808251503442e+00
  -4.000000000000e-02   2.820655331370e+00
  -3.000000000000e-02   2.830094665873e+00
  -2.000000000000e-02   2.836533248761e+00
  -1.000000000000e-02   2.839944878485e+00
   0.000000000000e+00   2.840313552360e+00
   1.000000000000e-02   2.837633552478e+00
   2.000000000000e-02   2.831909474619e+00
   3.000000000000e-02   2.823156199964e+00
   4.000000000000e-02   2.811398809808e+00
   5.000000000000e-02   2.796672443960e+00
   6.000000000000e-02   2.779022103909e+00
   7.000000000000e-02   2.758502402303e+00
   8.000000000000e-02   2.735177260643e+00
   9.000000000000e-02   2.709119557553e+00
   1.000000000000e-01   2.680410730288e+00
   1.100000000000e-01   2.649140332518e+00
   1.200000000000e-01   2.615405551744e+00
   1.300000000000e-01   2.579310689950e+00
   1.400000000000e-01   2.540966611369e+00
   1.500000000000e-01   2.500490161425e+00
   1.600000000000e-01   2.458003561102e+00
   1.700000000000e-01   2.413633781100e+00
   1.800000000000e-01   2.367511900244e+00
   1.900000000000e-01   2.319772452640e+00
   2.000000000000e-01   2.270552768105e+00
   2.100000000000e-01   2.219992310332e+00
   2.200000000000e-01   2.168232017225e+00
   2.300000000000e-01   2.115413647666e+00
   2.400000000000e-01   2.061679138912e+00
   2.500000000000e-01   2.007169978565e+00
   2.600000000000e-01   1.952026594903e+00
   2.700000000000e-01   1.896387769106e+00
   2.800000000000e-01   1.840390072644e+00
   2.900000000000e-01   1.784167332819e+00
   3.000000000000e-01   1.727850129160e+00
   3.100000000000e-01   1.671565323032e+00
   3.200000000000e-01   1.615435622518e+00
   3.300000000000e-01   1.559579184282e+00
   3.400000000000e-01   1.504109253794e+00
   3.500000000000e-01   1.449133844934e+00
   3.600000000000e-01   1.394755459704e+00
   3.700000000000e-01   1.341070848389e+00
   3.800000000000e-01   1.288170810216e+00
   3.900000000000e-01   1.236140034269e+00
   4.000000000000e-01   1.185056980065e+00
   4.100000000000e-01   1.134993796976e+00
   4.200000000000e-01   1.086016281389e+00
   4.300000000000e-01   1.038183870255e+00
   4.400000000000e-01   9.915496694823e-01
   4.500000000000e-01   9.461605154015e-01
   4.600000000000e-01   9.020570673950e-01
   4.700000000000e-01   8.592739296040e-01
   4.800000000000e-01   8.178397995266e-01
   4.900000000000e-01   7.777776412135e-01
   5.000000000000e-01   7.391048806996e-01
   5.100000000000e-01   7.018336212586e-01
   5.200000000000e-01   6.659708760465e-01
   5.300000000000e-01   6.315188156934e-01
   5.400000000000e-01   5.984750284263e-01
   5.500000000000e-01   5.668327903386e-01
   5.600000000000e-01   5.365813434854e-01
   5.700000000000e-01   5.077061795509e-01
   5.800000000000e-01   4.801893269293e-01
   5.900000000000e-01   4.540096391579e-01
   6.000000000000e-01   4.291430827577e-01
   6.100000000000e-01   4.055630226612e-01
   6.200000000000e-01   3.832405035350e-01
   6.300000000000e-01   3.621445254485e-01
   6.400000000000e-01   3.422423124767e-01
   6.500000000000e-01   3.234995729750e-01
   6.600000000000e-01   3.058807504073e-01
   6.700000000000e-01   2.893492637572e-01
   6.800000000000e-01   2.738677366960e-01
   6.900000000000e-01   2.593982148215e-01
   7.000000000000e-01   2.459023704230e-01
   7.100000000000e-01   2.333416943560e-01
   7.200000000000e-01   2.216776747402e-01
   7.300000000000e-01   2.108719623125e-01
   7.400000000000e-01   2.008865223781e-01
   7.500000000000e-01   1.916837734107e-01
   7.600000000000e-01   1.832267124432e-01
   7.700000000000e-01   1.754790274834e-01
   7.800000000000e-01   1.684051972630e-01
   7.900000000000e-01   1.619705787008e-01
   8.000000000000e-01   1.561414825202e-01
   8.100000000000e-01   1.508852375138e-01
   8.200000000000e-01   1.461702439911e-01
   8.300000000000e-01   1.419660169814e-01
   8.400000000000e-01   1.382432197908e-01
   8.500000000000e-01   1.349736885322e-01
   8.600000000000e-01   1.321304482617e-01
   8.700000000000e-01   1.296877213592e-01
   8.800000000000e-01   1.276209287935e-01
   8.900000000000e-01   1.259066849072e-01
   9.000000000000e-01   1.245227863447e-01
   9.100000000000e-01   1.234481957356e-01
   9.200000000000e-01   1.226630207253e-01
   9.300000000000e-01   1.221484889251e-01
   9.400000000000e-01   1.218869193272e-01
   9.500000000000e-01   1.218616907079e-01
   9.600000000000e-01   1.220572075083e-01
   9.700000000000e-01   1.224588636582e-01
   9.800000000000e-01   1.230530047733e-01
   9.900000000000e-01   1.238268891267e-01
   1.000000000000e+00   1.247686477644e-01
   1.010000000000e+00   1.258672441033e-01
   1.020000000000e+00   1.271124333167e-01
   1.030000000000e+00   1.284947217856e-01
   1.040000000000e+00   1.300053268617e-01
   1.050000000000e+00   1.316361371616e-01
   1.060000000000e+00   1.333796735821e-01
   1.070000000000e+00   1.352290512028e-01
   1.080000000000e+00   1.371779422166e-01
   1.090000000000e+00   1.392205400058e-01
   1.100000000000e+00   1.413515244596e-01
   1.110000000000e+00   1.435660286106e-01
   1.120000000000e+00   1.458596066472e-01
   1.130000000000e+00   1.482282033441e-01
   1.140000000000e+00   1.506681249372e-01
   1.150000000000e+00   1.531760114555e-01
   1.160000000000e+00   1.557488105112e-01
   1.170000000000e+00   1.583837525366e-01
   1.180000000000e+00   1.610783274508e-01
   1.190000000000e+00   1.638302627260e-01
   1.200000000000e+00   1.666375028216e-01
   1.210000000000e+00   1.694981899447e-01
   1.220000000000e+00   1.724106460917e-01
   1.230000000000e+00   1.753733563248e-01
   1.240000000000e+00   1.783849532292e-01
   1.250000000000e+00   1.814442024997e-01
   1.260000000000e+00   1.845499896009e-01
   1.270000000000e+00   1.877013074448e-01
   1.280000000000e+00   1.908972450318e-01
   1.290000000000e+00   1.941369769978e-01
   1.300000000000e+00   1.974197540132e-01
   1.310000000000e+00   2.007448939805e-01
   1.320000000000e+00   2.041117739775e-01
   1.330000000000e+00   2.075198228963e-01
   1.340000000000e+00   2.109685147278e-01
   1.350000000000e+00   2.144573624466e-01
   1.360000000000e+00   2.179859124495e-01
   1.370000000000e+00   2.215537395074e-01
   1.380000000000e+00   2.251604421881e-01
   1.390000000000e+00   2.288056387127e-01
   1.400000000000e+00   2.324889632110e-01
   1.410000000000e+00   2.362100623399e-01
   1.420000000000e+00   2.399685922354e-01
   1.430000000000e+00   2.437642157689e-01
   1.440000000000e+00   2.475966000787e-01
   1.450000000000e+00   2.514654143544e-01
   1.460000000000e+00   2.553703278486e-01
   1.470000000000e+00   2.593110080960e-01
   1.480000000000e+00   2.632871193192e-01
   1.490000000000e+00   2.672983210041e-01
   1.500000000000e+00   2.713442666278e-01
   1.510000000000e+00   2.754246025246e-01
   1.520000000000e+00   2.795389668749e-01
   1.530000000000e+00   2.836869888076e-01
   1.540000000000e+00   2.878682876006e-01
   1.550000000000e+00   2.920824719739e-01
   1.560000000000e+00   2.963291394617e-01
   1.570000000000e+00   3.006078758590e-01
   1.580000000000e+00   3.049182547323e-01
   1.590000000000e+00   3.092598369902e-01
   1.600000000000e+00   3.136321705062e-01
   1.610000000000e+00   3.180347897896e-01
   1.620000000000e+00   3.224672156988e-01
   1.630000000000e+00   3.269289551939e-01
   1.640000000000e+00   3.314195011241e-01
   1.650000000000e+00   3.359383320464e-01
   1.660000000000e+00   3.404849120740e-01
   1.670000000000e+00   3.450586907507e-01
   1.680000000000e+00   3.496591029488e-01
   1.690000000000e+00   3.542855687900e-01
   1.700000000000e+00   3.589374935859e-01
   1.710000000000e+00   3.636142677982e-01
   1.720000000000e+00   3.683152670155e-01
   1.730000000000e+00   3.730398519473e-01
   1.740000000000e+00   3.777873684331e-01
   1.750000000000e+00   3.825571474659e-01
   1.760000000000e+00   3.873485052296e-01
   1.770000000000e+00   3.921607431501e-01
   1.780000000000e+00   3.969931479581e-01
   1.790000000000e+00   4.018449917643e-01
   1.800000000000e+00   4.067155321469e-01
   1.810000000000e+00   4.116040122496e-01
   1.820000000000e+00   4.165096608910e-01
   1.830000000000e+00   4.214316926851e-01
   1.840000000000e+00   4.263693081711e-01
   1.850000000000e+00   4.313216939553e-01
   1.860000000000e+00   4.362880228615e-01
   1.870000000000e+00   4.412674540922e-01
   1.880000000000e+00   4.462591333996e-01
   1.890000000000e+00   4.512621932660e-01
   1.900000000000e+00   4.562757530939e-01
   1.910000000000e+00   4.612989194058e-01
   1.920000000000e+00   4.663307860529e-01
   1.930000000000e+00   4.713704344335e-01
   1.940000000000e+00   4.764169337204e-01
   1.950000000000e+00   4.814693410974e-01
   1.960000000000e+00   4.865267020044e-01
   1.970000000000e+00   4.915880503925e-01
   1.980000000000e+00   4.966524089864e-01
   1.990000000000e+00   5.017187895566e-01
   2.000000000000e+00   5.067861932001e-01
   2.010000000000e+00   5.118536106287e-01
   2.020000000000e+00   5.169200224669e-01
   2.030000000000e+00   5.219843995571e-01
   2.040000000000e+00   5.270457032736e-01
   2.050000000000e+00   5.321028858442e-01
   2.060000000000e+00   5.371548906800e-01
   2.070000000000e+00   5.422006527124e-01
   2.080000000000e+00   5.472390987390e-01
   2.090000000000e+00   5.522691477752e-01
   2.100000000000e+00   5.572897114146e-01
   2.110000000000e+00   5.622996941959e-01
   2.120000000000e+00   5.672979939770e-01
   2.130000000000e+00   5.722835023157e-01
   2.140000000000e+00   5.772551048574e-01
   2.150000000000e+00   5.822116817292e-01
   2.160000000000e+00   5.871521079399e-01
   2.170000000000e+00   5.920752537870e-01
   2.180000000000e+00   5.969799852686e-01
   2.190000000000e+00   6.018651645016e-01
   2.200000000000e+00   6.067296501454e-01
   2.210000000000e+00   6.115722978306e-01
   2.220000000000e+00   6.163919605931e-01
   2.230000000000e+00   6.211874893128e-01
   2.240000000000e+00   6.259577331571e-01
   2.250000000000e+00   6.307015400285e-01
   2.260000000000e+00   6.354177570167e-01
   2.270000000000e+00   6.401052308544e-01
   2.280000000000e+00   6.447628083770e-01
   2.290000000000e+00   6.493893369852e-01
   2.300000000000e+00   6.539836651110e-01
   2.310000000000e+00   6.585446426873e-01
   2.320000000000e+00   6.630711216186e-01
   2.330000000000e+00   6.675619562556e-01
   2.340000000000e+00   6.720160038708e-01
   2.350000000000e+00   6.764321251367e-01
   2.360000000000e+00   6.808091846049e-01
   2.370000000000e+00   6.851460511869e-01
   2.380000000000e+00   6.894415986355e-01
   2.390000000000e+00   6.936947060272e-01
   2.400000000000e+00   6.979042582452e-01
   2.410000000000e+00   7.020691464616e-01
   2.420000000000e+00   7.061882686206e-01
   2.430000000000e+00   7.102605299203e-01
   2.440000000000e+00   7.142848432943e-01
   2.450000000000e+00   7.182601298920e-01
   2.460000000000e+00   7.221853195574e-01
   2.470000000000e+00   7.260593513068e-01
   2.480000000000e+00   7.298811738037e-01
   2.490000000000e+00   7.336497458325e-01
   2.500000000000e+00   7.373640367685e-01
   2.510000000000e+00   7.410230270461e-01
   2.520000000000e+00   7.446257086232e-01
   2.530000000000e+00   7.481710854424e-01
   2.540000000000e+00   7.516581738884e-01
   2.550000000000e+00   7.550860032416e-01
   2.560000000000e+00   7.584536161268e-01
   2.570000000000e+00   7.617600689583e-01
   2.580000000000e+00   7.650044323790e-01
   2.590000000000e+00   7.681857916949e-01
   2.600000000000e+00   7.713032473042e-01
   2.610000000000e+00   7.743559151204e-01
   2.620000000000e+00   7.773429269897e-01
   2.630000000000e+00   7.802634311013e-01
   2.640000000000e+00   7.831165923925e-01
   2.650000000000e+00   7.859015929453e-01
   2.660000000000e+00   7.886176323774e-01
   2.670000000000e+00   7.912639282251e-01
   2.680000000000e+00   7.938397163180e-01
   2.690000000000e+00   7.963442511475e-01
   2.700000000000e+00   7.987768062252e-01
   2.710000000000e+00   8.011366744345e-01
   2.720000000000e+00   8.034231683727e-01
   2.730000000000e+00   8.056356206844e-01
   2.740000000000e+00   8.077733843863e-01
   2.750000000000e+00   8.098358331823e-01
   2.760000000000e+00   8.118223617689e-01
   2.770000000000e+00   8.137323861315e-01
   2.780000000000e+00   8.155653438301e-01
   2.790000000000e+00   8.173206942756e-01
   2.800000000000e+00   8.189979189955e-01
   2.810000000000e+00   8.205965218884e-01
   2.820000000000e+00   8.221160294692e-01
   2.830000000000e+00   8.235559911028e-01
   2.840000000000e+00   8.249159792260e-01
   2.850000000000e+00   8.261955895599e-01
   2.860000000000e+00   8.273944413099e-01
   2.870000000000e+00   8.285121773543e-01
   2.880000000000e+00   8.295484644217e-01
   2.890000000000e+00   8.305029932567e-01
   2.900000000000e+00   8.313754787736e-01
   2.910000000000e+00   8.321656601984e-01
   2.920000000000e+00   8.328733011983e-01
   2.930000000000e+00   8.334981899999e-01
   2.940000000000e+00   8.340401394948e-01
   2.950000000000e+00   8.344989873326e-01
   2.960000000000e+00   8.348745960023e-01
   2.970000000000e+00   8.351668529007e-01
   2.980000000000e+00   8.353756703890e-01
   2.990000000000e+00   8.355009858361e-01
   3.000000000000e+00   8.355427616504e-01
   3.010000000000e+00   8.355009852981e-01
   3.020000000000e+00   8.353756693099e-01
   3.030000000000e+00   8.351668512745e-01
   3.040000000000e+00   8.348745938198e-01
   3.050000000000e+00   8.344989845816e-01
   3.060000000000e+00   8.340401361597e-01
   3.070000000000e+00   8.334981860621e-01
   3.080000000000e+00   8.328732966356e-01
   3.090000000000e+00   8.321656549853e-01
   3.100000000000e+00   8.313754728811e-01
   3.110000000000e+00   8.305029866517e-01
   3.120000000000e+00   8.295484570676e-01
   3.130000000000e+00   8.285121692102e-01
   3.140000000000e+00   8.273944323307e-01
   3.150000000000e+00   8.261955796959e-01
   3.160000000000e+00   8.249159684229e-01
   3.170000000000e+00   8.235559793012e-01
   3.180000000000e+00   8.221160166045e-01
   3.190000000000e+00   8.205965078902e-01
   3.200000000000e+00   8.189979037877e-01
   3.210000000000e+00   8.173206777758e-01
   3.220000000000e+00   8.155653259489e-01
   3.230000000000e+00   8.137323667726e-01
   3.240000000000e+00   8.118223408284e-01
   3.250000000000e+00   8.098358105481e-01
   3.260000000000e+00   8.077733599379e-01
   3.270000000000e+00   8.056355942918e-01
   3.280000000000e+00   8.034231398965e-01
   3.290000000000e+00   8.011366437247e-01
   3.300000000000e+00   7.987767731207e-01
   3.310000000000e+00   7.963442154752e-01
   3.320000000000e+00   7.938396778924e-01
   3.330000000000e+00   7.912638868469e-01
   3.340000000000e+00   7.886175878333e-01
   3.350000000000e+00   7.859015450061e-01
   3.360000000000e+00   7.831165408131e-01
   3.370000000000e+00   7.802633756188e-01
   3.380000000000e+00   7.773428673226e-01
   3.390000000000e+00   7.743558509673e-01
   3.400000000000e+00   7.713031783423e-01
   3.410000000000e+00   7.681857175790e-01
   3.420000000000e+00   7.650043527395e-01
   3.430000000000e+00   7.617599834000e-01
   3.440000000000e+00   7.584535242268e-01
   3.450000000000e+00   7.550859045477e-01
   3.460000000000e+00   7.516580679173e-01
   3.470000000000e+00   7.481709716773e-01
   3.480000000000e+00   7.446255865120e-01
   3.490000000000e+00   7.410228959987e-01
   3.500000000000e+00   7.373638961545e-01
   3.510000000000e+00   7.336495949787e-01
   3.520000000000e+00   7.298810119910e-01
   3.530000000000e+00   7.260591777674e-01
   3.540000000000e+00   7.221851334719e-01
   3.550000000000e+00   7.182599303854e-01
   3.560000000000e+00   7.142846294331e-01
   3.570000000000e+00   7.102603007084e-01
   3.580000000000e+00   7.061880229953e-01
   3.590000000000e+00   7.020688832894e-01
   3.600000000000e+00   6.979039763174e-01
   3.610000000000e+00   6.936944040550e-01
   3.620000000000e+00   6.894412752448e-01
   3.630000000000e+00   6.851457049132e-01
   3.640000000000e+00   6.808088138874e-01
   3.650000000000e+00   6.764317283123e-01
   3.660000000000e+00   6.720155791677e-01
   3.670000000000e+00   6.675615017866e-01
   3.680000000000e+00   6.630706353739e-01
   3.690000000000e+00   6.585441225268e-01
   3.700000000000e+00   6.539831087562e-01
   3.710000000000e+00   6.493887420108e-01
   3.720000000000e+00   6.447621722019e-01
   3.730000000000e+00   6.401045507320e-01
   3.740000000000e+00   6.354170300247e-01
   3.750000000000e+00   6.307007630586e-01
   3.760000000000e+00   6.259569029034e-01
   3.770000000000e+00   6.211866022598e-01
   3.780000000000e+00   6.163910130032e-01
   3.790000000000e+00   6.115712857305e-01
   3.800000000000e+00   6.067285693124e-01
   3.810000000000e+00   6.018640104481e-01
   3.820000000000e+00   5.969787532267e-01
   3.830000000000e+00   5.920739386918e-01
   3.840000000000e+00   5.871507044115e-01
   3.850000000000e+00   5.822101840546e-01
   3.860000000000e+00   5.772535069707e-01
   3.870000000000e+00   5.722817977771e-01
   3.880000000000e+00   5.672961759511e-01
   3.890000000000e+00   5.622977554287e-01
   3.900000000000e+00   5.572876442086e-01
   3.910000000000e+00   5.522669439643e-01
   3.920000000000e+00   5.472367496608e-01
   3.930000000000e+00   5.421981491798e-01
   3.940000000000e+00   5.371522229506e-01
   3.950000000000e+00   5.321000435887e-01
   3.960000000000e+00   5.270426755418e-01
   3.970000000000e+00   5.219811747423e-01
   3.980000000000e+00   5.169165882685e-01
   3.990000000000e+00   5.118499540125e-01
   4.000000000000e+00   5.067823003561e-01
   4.010000000000e+00   5.017146458550e-01
   4.020000000000e+00   4.966479989309e-01
   4.030000000000e+00   4.915833575707e-01
   4.040000000000e+00   4.865217090356e-01
   4.050000000000e+00   4.814640295771e-01
   4.060000000000e+00   4.764112841623e-01
   4.070000000000e+00   4.713644262067e-01
   4.080000000000e+00   4.663243973167e-01
   4.090000000000e+00   4.612921270396e-01
   4.100000000000e+00   4.562685326229e-01
   4.110000000000e+00   4.512545187824e-01
   4.120000000000e+00   4.462509774784e-01
   4.130000000000e+00   4.412587877011e-01
   4.140000000000e+00   4.362788152652e-01
   4.150000000000e+00   4.313119126124e-01
   4.160000000000e+00   4.263589186237e-01
   4.170000000000e+00   4.214206584399e-01
   4.180000000000e+00   4.164979432915e-01
   4.190000000000e+00   4.115915703368e-01
   4.200000000000e+00   4.067023225100e-01
   4.210000000000e+00   4.018309683766e-01
   4.220000000000e+00   3.969782619993e-01
   4.230000000000e+00   3.921449428114e-01
   4.240000000000e+00   3.873317354995e-01
   4.250000000000e+00   3.825393498954e-01
   4.260000000000e+00   3.777684808758e-01
   4.270000000000e+00   3.730198082713e-01
   4.280000000000e+00   3.682939967839e-01
   4.290000000000e+00   3.635916959128e-01
   4.300000000000e+00   3.589135398890e-01
   4.310000000000e+00   3.542601476182e-01
   4.320000000000e+00   3.496321226319e-01
   4.330000000000e+00   3.450300530470e-01
   4.340000000000e+00   3.404545115336e-01
   4.350000000000e+00   3.359060552905e-01
   4.360000000000e+00   3.313852260289e-01
   4.370000000000e+00   3.268925499648e-01
   4.380000000000e+00   3.224285378175e-01
   4.390000000000e+00   3.179936848176e-01
   4.400000000000e+00   3.135884707213e-01
   4.410000000000e+00   3.092133598329e-01
   4.420000000000e+00   3.048688010344e-01
   4.430000000000e+00   3.005552278223e-01
   4.440000000000e+00   2.962730583516e-01
   4.450000000000e+00   2.920226954871e-01
   4.460000000000e+00   2.878045268606e-01
   4.470000000000e+00   2.836189249363e-01
   4.480000000000e+00   2.794662470813e-01
   4.490000000000e+00   2.753468356437e-01
   4.500000000000e+00   2.712610180364e-01
   4.510000000000e+00   2.672091068272e-01
   4.520000000000e+00   2.631913998351e-01
   4.530000000000e+00   2.592081802324e-01
   4.540000000000e+00   2.552597166524e-01
   4.550000000000e+00   2.513462633029e-01
   4.560000000000e+00   2.474680600848e-01
   4.570000000000e+00   2.436253327167e-01
   4.580000000000e+00   2.398182928636e-01
   4.590000000000e+00   2.360471382714e-01
   4.600000000000e+00   2.323120529060e-01
   4.610000000000e+00   2.286132070968e-01
   4.620000000000e+00   2.249507576850e-01
   4.630000000000e+00   2.213248481759e-01
   4.640000000000e+00   2.177356088960e-01
   4.650000000000e+00   2.141831571534e-01
   4.660000000000e+00   2.106675974025e-01
   4.670000000000e+00   2.071890214121e-01
   4.680000000000e+00   2.037475084375e-01
   4.690000000000e+00   2.003431253955e-01
   4.700000000000e+00   1.969759270428e-01
   4.710000000000e+00   1.936459561573e-01
   4.720000000000e+00   1.903532437230e-01
   4.730000000000e+00   1.870978091165e-01
   4.740000000000e+00   1.838796602968e-01
   4.750000000000e+00   1.806987939979e-01
   4.760000000000e+00   1.775551959222e-01
   4.770000000000e+00   1.744488409381e-01
   4.780000000000e+00   1.713796932777e-01
   4.790000000000e+00   1.683477067370e-01
   4.800000000000e+00   1.653528248786e-01
   4.810000000000e+00   1.623949812340e-01
   4.820000000000e+00   1.594740995095e-01
   4.830000000000e+00   1.565900937914e-01
   4.840000000000e+00   1.537428687533e-01
   4.850000000000e+00   1.509323198644e-01
   4.860000000000e+00   1.481583335977e-01
   4.870000000000e+00   1.454207876400e-01
   4.880000000000e+00   1.427195511016e-01
   4.890000000000e+00   1.400544847267e-01
   4.900000000000e+00   1.374254411036e-01
   4.910000000000e+00   1.348322648762e-01
   4.920000000000e+00   1.322747929539e-01
   4.930000000000e+00   1.297528547225e-01
   4.940000000000e+00   1.272662722545e-01
   4.950000000000e+00   1.248148605191e-01
   4.960000000000e+00   1.223984275912e-01
   4.970000000000e+00   1.200167748608e-01
   4.980000000000e+00   1.176696972405e-01
   4.990000000000e+00   1.153569833734e-01
   5.000000000000e+00   1.130784158387e-01
   5.010000000000e+00   1.108337713576e-01
   5.020000000000e+00   1.086228209971e-01
   5.030000000000e+00   1.064453303729e-01
   5.040000000000e+00   1.043010598511e-01
   5.050000000000e+00   1.021897647481e-01
   5.060000000000e+00   1.001111955295e-01
   5.070000000000e+00   9.806509800672e-02
   5.080000000000e+00   9.605121353258e-02
   5.090000000000e+00   9.406927919466e-02
   5.100000000000e+00   9.211902800705e-02
   5.110000000000e+00   9.020018910000e-02
   5.120000000000e+00   8.831248790772e-02
   5.130000000000e+00   8.645564635400e-02
   5.140000000000e+00   8.462938303573e-02
   5.150000000000e+00   8.283341340422e-02
   5.160000000000e+00   8.106744994427e-02
   5.170000000000e+00   7.933120235084e-02
   5.180000000000e+00   7.762437770344e-02
   5.190000000000e+00   7.594668063806e-02
   5.200000000000e+00   7.429781351654e-02
   5.210000000000e+00   7.267747659353e-02
   5.220000000000e+00   7.108536818081e-02
   5.230000000000e+00   6.952118480898e-02
   5.240000000000e+00   6.798462138654e-02
   5.250000000000e+00   6.647537135629e-02
   5.260000000000e+00   6.499312684891e-02
   5.270000000000e+00   6.353757883393e-02
   5.280000000000e+00   6.210841726777e-02
   5.290000000000e+00   6.070533123912e-02
   5.300000000000e+00   5.932800911132e-02
   5.310000000000e+00   5.797613866204e-02
   5.320000000000e+00   5.664940722003e-02
   5.330000000000e+00   5.534750179893e-02
   5.340000000000e+00   5.407010922826e-02
   5.350000000000e+00   5.281691628146e-02
   5.360000000000e+00   5.158760980102e-02
   5.370000000000e+00   5.038187682066e-02
   5.380000000000e+00   4.919940468461e-02
   5.390000000000e+00   4.803988116393e-02
   5.400000000000e+00   4.690299456991e-02
   5.410000000000e+00   4.578843386453e-02
   5.420000000000e+00   4.469588876797e-02
   5.430000000000e+00   4.362504986323e-02
   5.440000000000e+00   4.257560869785e-02
   5.450000000000e+00   4.154725788261e-02
   5.460000000000e+00   4.053969118752e-02
   5.470000000000e+00   3.955260363471e-02
   5.480000000000e+00   3.858569158866e-02
   5.490000000000e+00   3.763865284340e-02
   5.500000000000e+00   3.671118670701e-02
   5.510000000000e+00   3.580299408321e-02
   5.520000000000e+00   3.491377755021e-02
   5.530000000000e+00   3.404324143677e-02
   5.540000000000e+00   3.319109189550e-02
   5.550000000000e+00   3.235703697345e-02
   5.560000000000e+00   3.154078667998e-02
   5.570000000000e+00   3.074205305201e-02
   5.580000000000e+00   2.996055021655e-02
   5.590000000000e+00   2.919599445070e-02
   5.600000000000e+00   2.844810423899e-02
   5.610000000000e+00   2.771660032823e-02
   5.620000000000e+00   2.700120577981e-02
   5.630000000000e+00   2.630164601952e-02
   5.640000000000e+00   2.561764888491e-02
   5.650000000000e+00   2.494894467028e-02
   5.660000000000e+00   2.429526616924e-02
   5.670000000000e+00   2.365634871492e-02
   5.680000000000e+00   2.303193021796e-02
   5.690000000000e+00   2.242175120210e-02
   5.700000000000e+00   2.182555483769e-02
   5.710000000000e+00   2.124308697286e-02
   5.720000000000e+00   2.067409616270e-02
   5.730000000000e+00   2.011833369614e-02
   5.740000000000e+00   1.957555362097e-02
   5.750000000000e+00   1.904551276664e-02
   5.760000000000e+00   1.852797076521e-02
   5.770000000000e+00   1.802269007029e-02
   5.780000000000e+00   1.752943597406e-02
   5.790000000000e+00   1.704797662248e-02
   5.800000000000e+00   1.657808302862e-02
   5.810000000000e+00   1.611952908429e-02
   5.820000000000e+00   1.567209156983e-02
   5.830000000000e+00   1.523555016225e-02
   5.840000000000e+00   1.480968744179e-02
   5.850000000000e+00   1.439428889671e-02
   5.860000000000e+00   1.398914292668e-02
   5.870000000000e+00   1.359404084452e-02
   5.880000000000e+00   1.320877687647e-02
   5.890000000000e+00   1.283314816113e-02
   5.900000000000e+00   1.246695474682e-02
   5.910000000000e+00   1.210999958770e-02
   5.920000000000e+00   1.176208853856e-02
   5.930000000000e+00   1.142303034829e-02
   5.940000000000e+00   1.109263665210e-02
   5.950000000000e+00   1.077072196261e-02
   5.960000000000e+00   1.045710365973e-02
   5.970000000000e+00   1.015160197942e-02
   5.980000000000e+00   9.854040001379e-03
   5.990000000000e+00   9.564243635699e-03
   6.000000000000e+00   9.282041608512e-03
   6.010000000000e+00   9.007265446660e-03
   6.020000000000e+00   8.739749461451e-03
   6.030000000000e+00   8.479330731514e-03
   6.040000000000e+00   8.225849084807e-03
   6.050000000000e+00   7.979147079799e-03
   6.060000000000e+00   7.739069985876e-03
   6.070000000000e+00   7.505465762994e-03
   6.080000000000e+00   7.278185040617e-03
   6.090000000000e+00   7.057081095982e-03
   6.100000000000e+00   6.842009831710e-03
   6.110000000000e+00   6.632829752810e-03
   6.120000000000e+00   6.429401943095e-03
   6.130000000000e+00   6.231590041055e-03
   6.140000000000e+00   6.039260215203e-03
   6.150000000000e+00   5.852281138945e-03
   6.160000000000e+00   5.670523964975e-03
   6.170000000000e+00   5.493862299261e-03
   6.180000000000e+00   5.322172174611e-03
   6.190000000000e+00   5.155332023879e-03
   6.200000000000e+00   4.993222652821e-03
   6.210000000000e+00   4.835727212639e-03
   6.220000000000e+00   4.682731172221e-03
   6.230000000000e+00   4.534122290128e-03
   6.240000000000e+00   4.389790586330e-03
   6.250000000000e+00   4.249628313729e-03
   6.260000000000e+00   4.113529929490e-03
   6.270000000000e+00   3.981392066196e-03
   6.280000000000e+00   3.853113502863e-03
   6.290000000000e+00   3.728595135819e-03
   6.300000000000e+00   3.607739949489e-03
   6.310000000000e+00   3.490452987088e-03
   6.320000000000e+00   3.376641321253e-03
   6.330000000000e+00   3.266214024630e-03
   6.340000000000e+00   3.159082140434e-03
   6.350000000000e+00   3.055158653004e-03
   6.360000000000e+00   2.954358458363e-03
   6.370000000000e+00   2.856598334809e-03
   6.380000000000e+00   2.761796913551e-03
   6.390000000000e+00   2.669874649397e-03
   6.400000000000e+00   2.580753791525e-03
   6.410000000000e+00   2.494358354337e-03
   6.420000000000e+00   2.410614088423e-03
   6.430000000000e+00   2.329448451633e-03
   6.440000000000e+00   2.250790580291e-03
   6.450000000000e+00   2.174571260540e-03
   6.460000000000e+00   2.100722899854e-03
   6.470000000000e+00   2.029179498707e-03
   6.480000000000e+00   1.959876622425e-03
   6.490000000000e+00   1.892751373224e-03
   6.500000000000e+00   1.827742362447e-03
   6.510000000000e+00   1.764789683012e-03
   6.520000000000e+00   1.703834882071e-03
   6.530000000000e+00   1.644820933898e-03
   6.540000000000e+00   1.587692213013e-03
   6.550000000000e+00   1.532394467547e-03
   6.560000000000e+00   1.478874792850e-03
   6.570000000000e+00   1.427081605363e-03
   6.580000000000e+00   1.376964616749e-03
   6.590000000000e+00   1.328474808293e-03
   6.600000000000e+00   1.281564405575e-03
   6.610000000000e+00   1.236186853424e-03
   6.620000000000e+00   1.192296791154e-03
   6.630000000000e+00   1.149850028095e-03
   6.640000000000e+00   1.108803519409e-03
   6.650000000000e+00   1.069115342210e-03
   6.660000000000e+00   1.030744671978e-03
   6.670000000000e+00   9.936517592853e-04
   6.680000000000e+00   9.577979068188e-04
   6.690000000000e+00   9.231454467207e-04
   6.700000000000e+00   8.896577182348e-04
   6.710000000000e+00   8.572990456680e-04
   6.720000000000e+00   8.260347166669e-04
   6.730000000000e+00   7.958309608097e-04
   6.740000000000e+00   7.666549285162e-04
   6.750000000000e+00   7.384746702754e-04
   6.760000000000e+00   7.112591161926e-04
   6.770000000000e+00   6.849780558550e-04
   6.780000000000e+00   6.596021185168e-04
   6.790000000000e+00   6.351027536039e-04
   6.800000000000e+00   6.114522115364e-04
   6.810000000000e+00   5.886235248706e-04
   6.820000000000e+00   5.665904897580e-04
   6.830000000000e+00   5.453276477210e-04
   6.840000000000e+00   5.248102677447e-04
   6.850000000000e+00   5.050143286821e-04
   6.860000000000e+00   4.859165019733e-04
   6.870000000000e+00   4.674941346752e-04
   6.880000000000e+00   4.497252328011e-04
   6.890000000000e+00   4.325884449679e-04
   6.900000000000e+00   4.160630463486e-04
   6.910000000000e+00   4.001289229291e-04
   6.920000000000e+00   3.847665560648e-04
   6.930000000000e+00   3.699570073371e-04
   6.940000000000e+00   3.556819037058e-04
   6.950000000000e+00   3.419234229543e-04
   6.960000000000e+00   3.286642794268e-04
   6.970000000000e+00   3.158877100525e-04
   6.980000000000e+00   3.035774606556e-04
   6.990000000000e+00   2.917177725468e-04
   7.000000000000e+00   2.802933693942e-04
   7.010000000000e+00   2.692894443695e-04
   7.020000000000e+00   2.586916475678e-04
   7.030000000000e+00   2.484860736958e-04
   7.040000000000e+00   2.386592500263e-04
   7.050000000000e+00   2.291981246154e-04
   7.060000000000e+00   2.200900547791e-04
   7.070000000000e+00   2.113227958254e-04
   7.080000000000e+00   2.028844900381e-04
   7.090000000000e+00   1.947636559106e-04
   7.100000000000e+00   1.869491776233e-04
   7.110000000000e+00   1.794302947636e-04
   7.120000000000e+00   1.721965922831e-04
   7.130000000000e+00   1.652379906892e-04
   7.140000000000e+00   1.585447364678e-04
   7.150000000000e+00   1.521073927318e-04
   7.160000000000e+00   1.459168300939e-04
   7.170000000000e+00   1.399642177583e-04
   7.180000000000e+00   1.342410148290e-04
   7.190000000000e+00   1.287389618289e-04
   7.200000000000e+00   1.234500724293e-04
   7.210000000000e+00   1.183666253827e-04
   7.220000000000e+00   1.134811566576e-04
   7.230000000000e+00   1.087864517706e-04
   7.240000000000e+00   1.042755383125e-04
   7.250000000000e+00   9.994167866478e-05
   7.260000000000e+00   9.577836290261e-05
   7.270000000000e+00   9.177930188122e-05
   7.280000000000e+00   8.793842050170e-05
   7.290000000000e+00   8.424985115299e-05
   7.300000000000e+00   8.070792732639e-05
   7.310000000000e+00   7.730717739914e-05
   7.320000000000e+00   7.404231858376e-05
   7.330000000000e+00   7.090825103953e-05
   7.340000000000e+00   6.790005214289e-05
   7.350000000000e+00   6.501297091335e-05
   7.360000000000e+00   6.224242259168e-05
   7.370000000000e+00   5.958398336690e-05
   7.380000000000e+00   5.703338524914e-05
   7.390000000000e+00   5.458651108484e-05
   7.400000000000e+00   5.223938971147e-05
   7.410000000000e+00   4.998819124832e-05
   7.420000000000e+00   4.782922252052e-05
   7.430000000000e+00   4.575892261313e-05
   7.440000000000e+00   4.377385855238e-05
   7.450000000000e+00   4.187072111102e-05
   7.460000000000e+00   4.004632073492e-05
   7.470000000000e+00   3.829758358807e-05
   7.480000000000e+00   3.662154771308e-05
   7.490000000000e+00   3.501535930453e-05
   7.500000000000e+00   3.347626909222e-05
   7.510000000000e+00   3.200162883189e-05
   7.520000000000e+00   3.058888790052e-05
   7.530000000000e+00   2.923558999378e-05
   7.540000000000e+00   2.793936992300e-05
   7.550000000000e+00   2.669795050909e-05
   7.560000000000e+00   2.550913957107e-05
   7.570000000000e+00   2.437082700666e-05
   7.580000000000e+00   2.328098196267e-05
   7.590000000000e+00   2.223765009271e-05
   7.600000000000e+00   2.123895090005e-05
   7.610000000000e+00   2.028307516334e-05
   7.620000000000e+00   1.936828244299e-05
   7.630000000000e+00   1.849289866600e-05
   7.640000000000e+00   1.765531378723e-05
   7.650000000000e+00   1.685397952494e-05
   7.660000000000e+00   1.608740716861e-05
   7.670000000000e+00   1.535416545706e-05
   7.680000000000e+00   1.465287852486e-05
   7.690000000000e+00   1.398222391529e-05
   7.700000000000e+00   1.334093065772e-05
   7.710000000000e+00   1.272777740788e-05
   7.720000000000e+00   1.214159064899e-05
   7.730000000000e+00   1.158124295222e-05
   7.740000000000e+00   1.104565129457e-05
   7.750000000000e+00   1.053377543268e-05
   7.760000000000e+00   1.004461633086e-05
   7.770000000000e+00   9.577214641759e-06
   7.780000000000e+00   9.130649238155e-06
   7.790000000000e+00   8.704035794292e-06
   7.800000000000e+00   8.296525415372e-06
   7.810000000000e+00   7.907303313689e-06
   7.820000000000e+00   7.535587530037e-06
   7.830000000000e+00   7.180627699020e-06
   7.840000000000e+00   6.841703856908e-06
   7.850000000000e+00   6.518125290757e-06
   7.860000000000e+00   6.209229427522e-06
   7.870000000000e+00   5.914380761908e-06
   7.880000000000e+00   5.632969821781e-06
   7.890000000000e+00   5.364412169939e-06
   7.900000000000e+00   5.108147441128e-06
   7.910000000000e+00   4.863638413160e-06
   7.920000000000e+00   4.630370111077e-06
   7.930000000000e+00   4.407848943295e-06
   7.940000000000e+00   4.195601868702e-06
   7.950000000000e+00   3.993175593719e-06
   7.960000000000e+00   3.800135798347e-06
   7.970000000000e+00   3.616066390264e-06
   7.980000000000e+00   3.440568786055e-06
   7.990000000000e+00   3.273261218675e-06
   8.000000000000e+00   3.113778070292e-06
   8.010000000000e+00   2.961769229663e-06
   8.020000000000e+00   2.816899473224e-06
   8.030000000000e+00   2.678847869103e-06
   8.040000000000e+00   2.547307203289e-06
   8.050000000000e+00   2.421983427207e-06
   8.060000000000e+00   2.302595125961e-06
   8.070000000000e+00   2.188873006573e-06
   8.080000000000e+00   2.080559405489e-06
   8.090000000000e+00   1.977407814740e-06
   8.100000000000e+00   1.879182426064e-06
   8.110000000000e+00   1.785657692411e-06
   8.120000000000e+00   1.696617906196e-06
   8.130000000000e+00   1.611856793729e-06
   8.140000000000e+00   1.531177125244e-06
   8.150000000000e+00   1.454390339994e-06
   8.160000000000e+00   1.381316185860e-06
   8.170000000000e+00   1.311782372968e-06
   8.180000000000e+00   1.245624240812e-06
   8.190000000000e+00   1.182684438403e-06
   8.200000000000e+00   1.122812616969e-06
   8.210000000000e+00   1.065865134755e-06
   8.220000000000e+00   1.011704773486e-06
   8.230000000000e+00   9.602004660679e-07
   8.240000000000e+00   9.112270351128e-07
   8.250000000000e+00   8.646649418959e-07
   8.260000000000e+00   8.204000453556e-07
   8.270000000000e+00   7.783233707679e-07
   8.280000000000e+00   7.383308877351e-07
   8.290000000000e+00   7.003232971426e-07
   8.300000000000e+00   6.642058267468e-07
   8.310000000000e+00   6.298880350719e-07
   8.320000000000e+00   5.972836233006e-07
   8.330000000000e+00   5.663102548589e-07
   8.340000000000e+00   5.368893823998e-07
   8.350000000000e+00   5.089460819066e-07
   8.360000000000e+00   4.824088936422e-07
   8.370000000000e+00   4.572096696821e-07
   8.380000000000e+00   4.332834277779e-07
   8.390000000000e+00   4.105682113050e-07
   8.400000000000e+00   3.890049550609e-07
   8.410000000000e+00   3.685373566844e-07
   8.420000000000e+00   3.491117534774e-07
   8.430000000000e+00   3.306770044160e-07
   8.440000000000e+00   3.131843771488e-07
   8.450000000000e+00   2.965874397836e-07
   8.460000000000e+00   2.808419572746e-07
   8.470000000000e+00   2.659057922250e-07
   8.480000000000e+00   2.517388099321e-07
   8.490000000000e+00   2.383027875015e-07
   8.500000000000e+00   2.255613268705e-07
   8.510000000000e+00   2.134797715802e-07
   8.520000000000e+00   2.020251271472e-07
   8.530000000000e+00   1.911659848876e-07
   8.540000000000e+00   1.808724490531e-07
   8.550000000000e+00   1.711160671444e-07
   8.560000000000e+00   1.618697632713e-07
   8.570000000000e+00   1.531077744346e-07
   8.580000000000e+00   1.448055896096e-07
   8.590000000000e+00   1.369398915148e-07
   8.600000000000e+00   1.294885009550e-07
   8.610000000000e+00   1.224303236315e-07
   8.620000000000e+00   1.157452993163e-07
   8.630000000000e+00   1.094143532911e-07
   8.640000000000e+00   1.034193499572e-07
   8.650000000000e+00   9.774304852305e-08
   8.660000000000e+00   9.236906068302e-08
   8.670000000000e+00   8.728181020232e-08
   8.680000000000e+00   8.246649432740e-08
   8.690000000000e+00   7.790904694372e-08
   8.700000000000e+00   7.359610340622e-08
   8.710000000000e+00   6.951496697075e-08
   8.720000000000e+00   6.565357675763e-08
   8.730000000000e+00   6.200047718098e-08
   8.740000000000e+00   5.854478878069e-08
   8.750000000000e+00   5.527618039583e-08
   8.760000000000e+00   5.218484262129e-08
   8.770000000000e+00   4.926146249153e-08
   8.780000000000e+00   4.649719933771e-08
   8.790000000000e+00   4.388366176659e-08
   8.800000000000e+00   4.141288571190e-08
   8.810000000000e+00   3.907731351072e-08
   8.820000000000e+00   3.686977395946e-08
   8.830000000000e+00   3.478346330595e-08
   8.840000000000e+00   3.281192713587e-08
   8.850000000000e+00   3.094904311360e-08
   8.860000000000e+00   2.918900453922e-08
   8.870000000000e+00   2.752630468493e-08
   8.880000000000e+00   2.595572187579e-08
   8.890000000000e+00   2.447230528116e-08
   8.900000000000e+00   2.307136138466e-08
   8.910000000000e+00   2.174844110174e-08
   8.920000000000e+00   2.049932751547e-08
   8.930000000000e+00   1.932002420215e-08
   8.940000000000e+00   1.820674411991e-08
   8.950000000000e+00   1.715589903429e-08
   8.960000000000e+00   1.616408945614e-08
   8.970000000000e+00   1.522809506813e-08
   8.980000000000e+00   1.434486561738e-08
   8.990000000000e+00   1.351151225232e-08
   9.000000000000e+00   1.272529928338e-08
   9.010000000000e+00   1.198363634754e-08
   9.020000000000e+00   1.128407095789e-08
   9.030000000000e+00   1.062428142020e-08
   9.040000000000e+00   1.000207009913e-08
   9.050000000000e+00   9.415357017674e-09
   9.060000000000e+00   8.862173774054e-09
   9.070000000000e+00   8.340657760974e-09
   9.080000000000e+00   7.849046672948e-09
   9.090000000000e+00   7.385673287905e-09
   9.100000000000e+00   6.948960509993e-09
   9.110000000000e+00   6.537416661082e-09
   9.120000000000e+00   6.149631009007e-09
   9.130000000000e+00   5.784269521167e-09
   9.140000000000e+00   5.440070832607e-09
   9.150000000000e+00   5.115842418200e-09
   9.160000000000e+00   4.810456959032e-09
   9.170000000000e+00   4.522848893560e-09
   9.180000000000e+00   4.252011144521e-09
   9.190000000000e+00   3.996992013018e-09
   9.200000000000e+00   3.756892231592e-09
   9.210000000000e+00   3.530862168469e-09
   9.220000000000e+00   3.318099175556e-09
   9.230000000000e+00   3.117845073071e-09
   9.240000000000e+00   2.929383764082e-09
   9.250000000000e+00   2.752038972481e-09
   9.260000000000e+00   2.585172098284e-09
   9.270000000000e+00   2.428180184403e-09
   9.280000000000e+00   2.280493989325e-09
   9.290000000000e+00   2.141576160396e-09
   9.300000000000e+00   2.010919502674e-09
   9.310000000000e+00   1.888045338523e-09
   9.320000000000e+00   1.772501953400e-09
   9.330000000000e+00   1.663863123466e-09
   9.340000000000e+00   1.561726720871e-09
   9.350000000000e+00   1.465713392795e-09
   9.360000000000e+00   1.375465310466e-09
   9.370000000000e+00   1.290644984600e-09
   9.380000000000e+00   1.210934143871e-09
   9.390000000000e+00   1.136032673175e-09
   9.400000000000e+00   1.065657608617e-09
   9.410000000000e+00   9.995421863117e-10
   9.420000000000e+00   9.374349422142e-10
   9.430000000000e+00   8.790988603425e-10
   9.440000000000e+00   8.243105668897e-10
   9.450000000000e+00   7.728595678393e-10
   9.460000000000e+00   7.245475278202e-10
   9.470000000000e+00   6.791875880513e-10
   9.480000000000e+00   6.366037213307e-10
   9.490000000000e+00   5.966301221306e-10
   9.500000000000e+00   5.591106299521e-10
   9.510000000000e+00   5.238981841924e-10
   9.520000000000e+00   4.908543088605e-10
   9.530000000000e+00   4.598486255639e-10
   9.540000000000e+00   4.307583932701e-10
   9.550000000000e+00   4.034680734198e-10
   9.560000000000e+00   3.778689190447e-10
   9.570000000000e+00   3.538585866082e-10
   9.580000000000e+00   3.313407693574e-10
   9.590000000000e+00   3.102248510314e-10
   9.600000000000e+00   2.904255788366e-10
   9.610000000000e+00   2.718627546512e-10
   9.620000000000e+00   2.544609434760e-10
   9.630000000000e+00   2.381491982023e-10
   9.640000000000e+00   2.228607998117e-10
   9.650000000000e+00   2.085330121718e-10
   9.660000000000e+00   1.951068506346e-10
   9.670000000000e+00   1.825268636852e-10
   9.680000000000e+00   1.707409269300e-10
   9.690000000000e+00   1.597000487475e-10
   9.700000000000e+00   1.493581869646e-10
   9.710000000000e+00   1.396720759512e-10
   9.720000000000e+00   1.306010635615e-10
   9.730000000000e+00   1.221069573767e-10
   9.740000000000e+00   1.141538797378e-10
   9.750000000000e+00   1.067081310800e-10
   9.760000000000e+00   9.973806110787e-11
   9.770000000000e+00   9.321394737720e-11
   9.780000000000e+00   8.710788086895e-11
   9.790000000000e+00   8.139365816603e-11
   9.800000000000e+00   7.604667986331e-11
   9.810000000000e+00   7.104385486152e-11
   9.820000000000e+00   6.636351021452e-11
   9.830000000000e+00   6.198530621750e-11
   9.840000000000e+00   5.789015644065e-11
   9.850000000000e+00   5.406015242870e-11
   9.860000000000e+00   5.047849280238e-11
   9.870000000000e+00   4.712941651204e-11
   9.880000000000e+00   4.399814000738e-11
   9.890000000000e+00   4.107079810039e-11
   9.900000000000e+00   3.833438831070e-11
   9.910000000000e+00   3.577671849421e-11
   9.920000000000e+00   3.338635756704e-11
   9.930000000000e+00   3.115258914706e-11
   9.940000000000e+00   2.906536794523e-11
   9.950000000000e+00   2.711527874830e-11
   9.960000000000e+00   2.529349784339e-11
   9.970000000000e+00   2.359175674301e-11
   9.980000000000e+00   2.200230807741e-11
   9.990000000000e+00   2.051789352826e-11
   1.000000000000e+01   1.913171368501e-11
