   0.000000000000e+00  -3.056007503096e-01
   4.882812500000e-02  -2.613000094520e-01
   9.765625000000e-02  -2.258369146594e-01
   1.464843750000e-01  -1.971811188532e-01
   1.953125000000e-01  -1.738230288310e-01
   2.441406250000e-01  -1.546062468540e-01
   2.929687500000e-01  -1.386718914451e-01
   3.417968750000e-01  -1.253535256019e-01
   3.906250000000e-01  -1.141336740951e-01
   4.394531250000e-01  -1.046140320991e-01
   4.882812500000e-01  -9.648374030626e-02
   5.371093750000e-01  -8.948986770254e-02
   5.859375000000e-01  -8.343630020458e-02
   6.347656250000e-01  -7.816599795130e-02
   6.835937500000e-01  -7.355251328215e-02
   7.324218750000e-01  -6.949082652520e-02
   7.812500000000e-01  -6.589753287191e-02
   8.300781250000e-01  -6.270230052897e-02
   8.789062500000e-01  -5.984957273035e-02
   9.277343750000e-01  -5.728746592724e-02
   9.765625000000e-01  -5.498265947366e-02
   1.025390625000e+00  -5.289682413944e-02
   1.074218750000e+00  -5.100358737460e-02
   1.123046875000e+00  -4.927881939799e-02
   1.171875000000e+00  -4.770333266904e-02
   1.220703125000e+00  -4.625852141319e-02
   1.269531250000e+00  -4.493026153458e-02
   1.318359375000e+00  -4.370502197236e-02
   1.367187500000e+00  -4.257229656595e-02
   1.416015625000e+00  -4.152119074823e-02
   1.464843750000e+00  -4.054576925350e-02
   1.513671875000e+00  -3.963698044292e-02
   1.562500000000e+00  -3.878802777787e-02
   1.611328125000e+00  -3.799415833799e-02
   1.660156250000e+00  -3.725076026497e-02
   1.708984375000e+00  -3.655230682630e-02
   1.757812500000e+00  -3.589386808370e-02
   1.806640625000e+00  -3.527435661799e-02
   1.855468750000e+00  -3.468974903972e-02
   1.904296875000e+00  -3.413521276179e-02
   1.953125000000e+00  -3.361231756491e-02
   2.001953125000e+00  -3.311569092409e-02
   2.050781250000e+00  -3.264242553985e-02
   2.099609375000e+00  -3.219478044963e-02
   2.148437500000e+00  -3.176750264096e-02
   2.197265625000e+00  -3.136053592975e-02
   2.246093750000e+00  -3.097155693770e-02
   2.294921875000e+00  -3.060042469967e-02
   2.343750000000e+00  -3.024532461359e-02
   2.392578125000e+00  -2.990463280389e-02
   2.441406250000e+00  -2.957909076435e-02
   2.490234375000e+00  -2.926647958740e-02
   2.539062500000e+00  -2.896565729750e-02
   2.587890625000e+00  -2.867687105760e-02
   2.636718750000e+00  -2.839919968052e-02
   2.685546875000e+00  -2.813179804413e-02
   2.734375000000e+00  -2.787415190401e-02
   2.783203125000e+00  -2.762610696325e-02
   2.832031250000e+00  -2.738653630827e-02
   2.880859375000e+00  -2.715459652516e-02
   2.929687500000e+00  -2.693096827728e-02
   2.978515625000e+00  -2.671495606440e-02
   3.027343750000e+00  -2.650548056270e-02
   3.076171875000e+00  -2.630246305467e-02
   3.125000000000e+00  -2.610667963201e-02
   3.173828125000e+00  -2.591604550897e-02
   3.222656250000e+00  -2.573137655143e-02
   3.271484375000e+00  -2.555201520300e-02
   3.320312500000e+00  -2.537837104568e-02
   3.369140625000e+00  -2.520932049397e-02
   3.417968750000e+00  -2.504459413983e-02
   3.466796875000e+00  -2.488574154199e-02
   3.515625000000e+00  -2.472967472802e-02
   3.564453125000e+00  -2.457849954580e-02
   3.613281250000e+00  -2.443136850102e-02
   3.662109375000e+00  -2.428856982980e-02
   3.710937500000e+00  -2.414781870004e-02
   3.759765625000e+00  -2.401116184004e-02
   3.808593750000e+00  -2.387842391098e-02
   3.857421875000e+00  -2.374880295019e-02
   3.906250000000e+00  -2.362180329432e-02
   3.955078125000e+00  -2.349815154896e-02
   4.003906250000e+00  -2.337678126199e-02
   4.052734375000e+00  -2.325957967646e-02
   4.101562500000e+00  -2.314387552640e-02
   4.150390625000e+00  -2.303113062438e-02
   4.199218750000e+00  -2.292044519651e-02
   4.248046875000e+00  -2.281233855411e-02
   4.296875000000e+00  -2.270656110117e-02
   4.345703125000e+00  -2.260325907577e-02
   4.394531250000e+00  -2.250142267738e-02
   4.443359375000e+00  -2.240223972420e-02
   4.492187500000e+00  -2.230511724950e-02
   4.541015625000e+00  -2.220973718619e-02
   4.589843750000e+00  -2.211650369411e-02
   4.638671875000e+00  -2.202487866533e-02
   4.687500000000e+00  -2.193422817317e-02
   4.736328125000e+00  -2.184618245362e-02
   4.785156250000e+00  -2.175961809235e-02
   4.833984375000e+00  -2.167409768925e-02
   4.882812500000e+00  -2.159071333141e-02
   4.931640625000e+00  -2.150925764318e-02
   4.980468750000e+00  -2.142805891397e-02
   5.029296875000e+00  -2.134923699472e-02
   5.078125000000e+00  -2.127123267502e-02
   5.126953125000e+00  -2.119460207145e-02
   5.175781250000e+00  -2.111984009027e-02
   5.224609375000e+00  -2.104593518038e-02
   5.273437500000e+00  -2.097322764385e-02
   5.322265625000e+00  -2.090135854308e-02
   5.371093750000e+00  -2.083106261537e-02
   5.419921875000e+00  -2.076208623081e-02
   5.468750000000e+00  -2.069393359873e-02
   5.517578125000e+00  -2.062694669983e-02
   5.566406250000e+00  -2.056061381265e-02
   5.615234375000e+00  -2.049558889922e-02
   5.664062500000e+00  -2.043164804499e-02
   5.712890625000e+00  -2.036875986052e-02
   5.761718750000e+00  -2.030621518676e-02
   5.810546875000e+00  -2.024493323864e-02
   5.859375000000e+00  -2.018444866241e-02
   5.908203125000e+00  -2.012536893632e-02
   5.957031250000e+00  -2.006681874428e-02
   6.005859375000e+00  -2.000871054086e-02
   6.054687500000e+00  -1.995145093390e-02
   6.103515625000e+00  -1.989528170215e-02
   6.152343750000e+00  -1.984028993724e-02
   6.201171875000e+00  -1.978541917590e-02
   6.250000000000e+00  -1.973142158744e-02
   6.298828125000e+00  -1.967790040567e-02
   6.347656250000e+00  -1.962538958924e-02
   6.396484375000e+00  -1.957396548071e-02
   6.445312500000e+00  -1.952288603098e-02
   6.494140625000e+00  -1.947188255083e-02
   6.542968750000e+00  -1.942239274075e-02
   6.591796875000e+00  -1.937327885571e-02
   6.640625000000e+00  -1.932431407746e-02
   6.689453125000e+00  -1.927620985652e-02
   6.738281250000e+00  -1.922885272041e-02
   6.787109375000e+00  -1.918161250885e-02
   6.835937500000e+00  -1.913550654383e-02
   6.884765625000e+00  -1.908975692024e-02
   6.933593750000e+00  -1.904457064833e-02
   6.982421875000e+00  -1.900025144549e-02
   7.031250000000e+00  -1.895567970534e-02
   7.080078125000e+00  -1.891236440520e-02
   7.128906250000e+00  -1.886869035466e-02
   7.177734375000e+00  -1.882577790791e-02
   7.226562500000e+00  -1.878436912863e-02
   7.275390625000e+00  -1.874240817181e-02
   7.324218750000e+00  -1.870128594606e-02
   7.373046875000e+00  -1.866007797433e-02
   7.421875000000e+00  -1.862025709679e-02
   7.470703125000e+00  -1.857989778771e-02
   7.519531250000e+00  -1.854067997221e-02
   7.568359375000e+00  -1.850189879475e-02
   7.617187500000e+00  -1.846313832825e-02
   7.666015625000e+00  -1.842478827584e-02
   7.714843750000e+00  -1.838714265140e-02
   7.763671875000e+00  -1.834926276104e-02
   7.812500000000e+00  -1.831285911789e-02
   7.861328125000e+00  -1.827618472474e-02
   7.910156250000e+00  -1.824008826962e-02
   7.958984375000e+00  -1.820377120803e-02
   8.007812500000e+00  -1.816836677038e-02
   8.056640625000e+00  -1.813304779402e-02
   8.105468750000e+00  -1.809823790032e-02
   8.154296875000e+00  -1.806394712316e-02
   8.203125000000e+00  -1.802964725951e-02
   8.251953125000e+00  -1.799615658683e-02
   8.300781250000e+00  -1.796307184930e-02
   8.349609375000e+00  -1.792945963402e-02
   8.398437500000e+00  -1.789669547895e-02
   8.447265625000e+00  -1.786378206535e-02
   8.496093750000e+00  -1.783166960818e-02
   8.544921875000e+00  -1.780041028901e-02
   8.593750000000e+00  -1.776830181496e-02
   8.642578125000e+00  -1.773673939372e-02
   8.691406250000e+00  -1.770635358006e-02
   8.740234375000e+00  -1.767530016192e-02
   8.789062500000e+00  -1.764489281592e-02
   8.837890625000e+00  -1.761481542745e-02
   8.886718750000e+00  -1.758511956345e-02
   8.935546875000e+00  -1.755536351606e-02
   8.984375000000e+00  -1.752554510556e-02
   9.033203125000e+00  -1.749698985758e-02
   9.082031250000e+00  -1.746799808278e-02
   9.130859375000e+00  -1.743953779911e-02
   9.179687500000e+00  -1.741069466851e-02
   9.228515625000e+00  -1.738305286521e-02
   9.277343750000e+00  -1.735519405751e-02
   9.326171875000e+00  -1.732753780626e-02
   9.375000000000e+00  -1.730029084824e-02
   9.423828125000e+00  -1.727305880289e-02
   9.472656250000e+00  -1.724597438857e-02
   9.521484375000e+00  -1.721963462732e-02
   9.570312500000e+00  -1.719294409979e-02
   9.619140625000e+00  -1.716663515379e-02
   9.667968750000e+00  -1.714101081884e-02
   9.716796875000e+00  -1.711503299817e-02
   9.765625000000e+00  -1.708947134619e-02
   9.814453125000e+00  -1.706427441539e-02
   9.863281250000e+00  -1.703912710942e-02
   9.912109375000e+00  -1.701403270882e-02
   9.960937500000e+00  -1.698942178729e-02
   1.000976562500e+01  -1.696536451312e-02
   1.005859375000e+01  -1.694058185260e-02
   1.010742187500e+01  -1.691651117485e-02
   1.015625000000e+01  -1.689257522341e-02
   1.020507812500e+01  -1.686885309548e-02
   1.025390625000e+01  -1.684525080256e-02
   1.030273437500e+01  -1.682184394621e-02
   1.035156250000e+01  -1.679867529554e-02
   1.040039062500e+01  -1.677551361448e-02
   1.044921875000e+01  -1.675300900400e-02
   1.049804687500e+01  -1.672996222068e-02
   1.054687500000e+01  -1.670769916781e-02
   1.059570312500e+01  -1.668536239919e-02
   1.064453125000e+01  -1.666342333117e-02
   1.069335937500e+01  -1.664125163976e-02
   1.074218750000e+01  -1.661937264319e-02
   1.079101562500e+01  -1.659818304407e-02
   1.083984375000e+01  -1.657679108663e-02
   1.088867187500e+01  -1.655542912478e-02
   1.093750000000e+01  -1.653432639393e-02
   1.098632812500e+01  -1.651310202211e-02
   1.103515625000e+01  -1.649248116674e-02
   1.108398437500e+01  -1.647207785911e-02
   1.113281250000e+01  -1.645167580721e-02
   1.118164062500e+01  -1.643125438012e-02
   1.123046875000e+01  -1.641105464030e-02
   1.127929687500e+01  -1.639093187595e-02
   1.132812500000e+01  -1.637126261151e-02
   1.137695312500e+01  -1.635139191697e-02
   1.142578125000e+01  -1.633195582909e-02
   1.147460937500e+01  -1.631242353939e-02
   1.152343750000e+01  -1.629335583393e-02
   1.157226562500e+01  -1.627384710841e-02
   1.162109375000e+01  -1.625470753888e-02
   1.166992187500e+01  -1.623584689220e-02
   1.171875000000e+01  -1.621740679601e-02
   1.176757812500e+01  -1.619884074252e-02
   1.181640625000e+01  -1.618010230984e-02
   1.186523437500e+01  -1.616195639016e-02
   1.191406250000e+01  -1.614352630184e-02
   1.196289062500e+01  -1.612582105687e-02
   1.201171875000e+01  -1.610819025178e-02
   1.206054687500e+01  -1.608999818494e-02
   1.210937500000e+01  -1.607231737237e-02
   1.215820312500e+01  -1.605454386771e-02
   1.220703125000e+01  -1.603720818757e-02
   1.225585937500e+01  -1.602032671957e-02
   1.230468750000e+01  -1.600313617030e-02
   1.235351562500e+01  -1.598594064383e-02
   1.240234375000e+01  -1.596895614789e-02
   1.245117187500e+01  -1.595205488327e-02
   1.250000000000e+01  -1.593525327900e-02
   1.254882812500e+01  -1.591884812173e-02
   1.259765625000e+01  -1.590250802216e-02
   1.264648437500e+01  -1.588612315565e-02
   1.269531250000e+01  -1.586988129475e-02
   1.274414062500e+01  -1.585378123490e-02
   1.279296875000e+01  -1.583765837769e-02
   1.284179687500e+01  -1.582174665257e-02
   1.289062500000e+01  -1.580647606940e-02
   1.293945312500e+01  -1.579041960067e-02
   1.298828125000e+01  -1.577496819613e-02
   1.303710937500e+01  -1.575954562307e-02
   1.308593750000e+01  -1.574413107083e-02
   1.313476562500e+01  -1.572902740885e-02
   1.318359375000e+01  -1.571380451850e-02
   1.323242187500e+01  -1.569863865407e-02
   1.328125000000e+01  -1.568402525394e-02
   1.333007812500e+01  -1.566916611815e-02
   1.337890625000e+01  -1.565480871191e-02
   1.342773437500e+01  -1.563975232363e-02
   1.347656250000e+01  -1.562560156326e-02
   1.352539062500e+01  -1.561091005264e-02
   1.357421875000e+01  -1.559681833197e-02
   1.362304687500e+01  -1.558227975097e-02
   1.367187500000e+01  -1.556870324604e-02
   1.372070312500e+01  -1.555462976755e-02
   1.376953125000e+01  -1.554064306760e-02
   1.381835937500e+01  -1.552688549495e-02
   1.386718750000e+01  -1.551347503128e-02
   1.391601562500e+01  -1.549931555439e-02
   1.396484375000e+01  -1.548563839389e-02
   1.401367187500e+01  -1.547246148825e-02
   1.406250000000e+01  -1.545969455252e-02
   1.411132812500e+01  -1.544609762590e-02
   1.416015625000e+01  -1.543289292855e-02
   1.420898437500e+01  -1.541977741144e-02
   1.425781250000e+01  -1.540665008436e-02
   1.430664062500e+01  -1.539431149192e-02
   1.435546875000e+01  -1.538121802800e-02
   1.440429687500e+01  -1.536859328942e-02
   1.445312500000e+01  -1.535621518428e-02
   1.450195312500e+01  -1.534358150641e-02
   1.455078125000e+01  -1.533109228570e-02
   1.459960937500e+01  -1.531886846788e-02
   1.464843750000e+01  -1.530653920354e-02
   1.469726562500e+01  -1.529432127870e-02
   1.474609375000e+01  -1.528239293130e-02
   1.479492187500e+01  -1.527041152805e-02
   1.484375000000e+01  -1.525856591223e-02
   1.489257812500e+01  -1.524665679561e-02
   1.494140625000e+01  -1.523483078824e-02
   1.499023437500e+01  -1.522299212064e-02
   1.503906250000e+01  -1.521166596174e-02
   1.508789062500e+01  -1.520013928854e-02
   1.513671875000e+01  -1.518877660455e-02
   1.518554687500e+01  -1.517720546201e-02
   1.523437500000e+01  -1.516625842622e-02
   1.528320312500e+01  -1.515495631787e-02
   1.533203125000e+01  -1.514376340697e-02
   1.538085937500e+01  -1.513281735594e-02
   1.542968750000e+01  -1.512168139795e-02
   1.547851562500e+01  -1.511093435001e-02
   1.552734375000e+01  -1.510010571748e-02
   1.557617187500e+01  -1.508962392434e-02
   1.562500000000e+01  -1.507892852838e-02
   1.567382812500e+01  -1.506864691003e-02
   1.572265625000e+01  -1.505786432108e-02
   1.577148437500e+01  -1.504760158407e-02
   1.582031250000e+01  -1.503705168297e-02
   1.586914062500e+01  -1.502689560805e-02
   1.591796875000e+01  -1.501681527729e-02
   1.596679687500e+01  -1.500685502626e-02
   1.601562500000e+01  -1.499675424551e-02
   1.606445312500e+01  -1.498666479682e-02
   1.611328125000e+01  -1.497675915658e-02
   1.616210937500e+01  -1.496697876325e-02
   1.621093750000e+01  -1.495712771221e-02
   1.625976562500e+01  -1.494775318261e-02
   1.630859375000e+01  -1.493817517200e-02
   1.635742187500e+01  -1.492868485058e-02
   1.640625000000e+01  -1.491894530849e-02
   1.645507812500e+01  -1.490969440726e-02
   1.650390625000e+01  -1.490021985358e-02
   1.655273437500e+01  -1.489102753986e-02
   1.660156250000e+01  -1.488190368865e-02
   1.665039062500e+01  -1.487288415951e-02
   1.669921875000e+01  -1.486388001022e-02
   1.674804687500e+01  -1.485532198484e-02
   1.679687500000e+01  -1.484596007383e-02
   1.684570312500e+01  -1.483721271888e-02
   1.689453125000e+01  -1.482832904540e-02
   1.694335937500e+01  -1.481962118696e-02
   1.699218750000e+01  -1.481111361714e-02
   1.704101562500e+01  -1.480277884638e-02
   1.708984375000e+01  -1.479422466776e-02
   1.713867187500e+01  -1.478573347509e-02
   1.718750000000e+01  -1.477746744599e-02
   1.723632812500e+01  -1.476896069387e-02
   1.728515625000e+01  -1.476045618178e-02
   1.733398437500e+01  -1.475247853912e-02
   1.738281250000e+01  -1.474424608941e-02
   1.743164062500e+01  -1.473643032667e-02
   1.748046875000e+01  -1.472822376344e-02
   1.752929687500e+01  -1.472042521188e-02
   1.757812500000e+01  -1.471285129726e-02
   1.762695312500e+01  -1.470503511341e-02
   1.767578125000e+01  -1.469709410682e-02
   1.772460937500e+01  -1.468968371141e-02
   1.777343750000e+01  -1.468178475986e-02
   1.782226562500e+01  -1.467453037949e-02
   1.787109375000e+01  -1.466725372753e-02
   1.791992187500e+01  -1.465961975504e-02
   1.796875000000e+01  -1.465222740601e-02
   1.801757812500e+01  -1.464499724543e-02
   1.806640625000e+01  -1.463773367500e-02
   1.811523437500e+01  -1.463053453811e-02
   1.816406250000e+01  -1.462320451569e-02
   1.821289062500e+01  -1.461626185026e-02
   1.826171875000e+01  -1.460947334280e-02
   1.831054687500e+01  -1.460241456565e-02
   1.835937500000e+01  -1.459548447980e-02
   1.840820312500e+01  -1.458885831028e-02
   1.845703125000e+01  -1.458222613865e-02
   1.850585937500e+01  -1.457516650853e-02
   1.855468750000e+01  -1.456859905950e-02
   1.860351562500e+01  -1.456231190913e-02
   1.865234375000e+01  -1.455554669488e-02
   1.870117187500e+01  -1.454951669584e-02
   1.875000000000e+01  -1.454278451372e-02
   1.879882812500e+01  -1.453649216702e-02
   1.884765625000e+01  -1.453037834739e-02
   1.889648437500e+01  -1.452392572351e-02
   1.894531250000e+01  -1.451775458420e-02
   1.899414062500e+01  -1.451158841473e-02
   1.904296875000e+01  -1.450560402960e-02
   1.909179687500e+01  -1.449983183634e-02
   1.914062500000e+01  -1.449371452469e-02
   1.918945312500e+01  -1.448774240664e-02
   1.923828125000e+01  -1.448187497692e-02
   1.928710937500e+01  -1.447661158827e-02
   1.933593750000e+01  -1.447043217337e-02
   1.938476562500e+01  -1.446479674685e-02
   1.943359375000e+01  -1.445929828422e-02
   1.948242187500e+01  -1.445386170938e-02
   1.953125000000e+01  -1.444830182278e-02
   1.958007812500e+01  -1.444264512352e-02
   1.962890625000e+01  -1.443742851686e-02
   1.967773437500e+01  -1.443213094698e-02
   1.972656250000e+01  -1.442703483800e-02
   1.977539062500e+01  -1.442172199266e-02
   1.982421875000e+01  -1.441664377517e-02
   1.987304687500e+01  -1.441130358818e-02
   1.992187500000e+01  -1.440632125438e-02
   1.997070312500e+01  -1.440150717908e-02
   2.001953125000e+01  -1.439648223686e-02
   2.006835937500e+01  -1.439133936723e-02
   2.011718750000e+01  -1.438680995484e-02
   2.016601562500e+01  -1.438210279123e-02
   2.021484375000e+01  -1.437749385707e-02
   2.026367187500e+01  -1.437264092011e-02
   2.031250000000e+01  -1.436790518332e-02
   2.036132812500e+01  -1.436351441936e-02
   2.041015625000e+01  -1.435904664366e-02
   2.045898437500e+01  -1.435438549079e-02
   2.050781250000e+01  -1.435002464124e-02
   2.055664062500e+01  -1.434578641701e-02
   2.060546875000e+01  -1.434137960750e-02
   2.065429687500e+01  -1.433715515043e-02
   2.070312500000e+01  -1.433275918218e-02
   2.075195312500e+01  -1.432870257300e-02
   2.080078125000e+01  -1.432449357423e-02
   2.084960937500e+01  -1.432075609809e-02
   2.089843750000e+01  -1.431668504847e-02
   2.094726562500e+01  -1.431306193366e-02
   2.099609375000e+01  -1.430902195369e-02
   2.104492187500e+01  -1.430518804179e-02
   2.109375000000e+01  -1.430117398012e-02
   2.114257812500e+01  -1.429768894473e-02
   2.119140625000e+01  -1.429412062652e-02
   2.124023437500e+01  -1.429020396987e-02
   2.128906250000e+01  -1.428650635095e-02
   2.133789062500e+01  -1.428330197581e-02
   2.138671875000e+01  -1.427984505812e-02
   2.143554687500e+01  -1.427650866844e-02
   2.148437500000e+01  -1.427301267621e-02
   2.153320312500e+01  -1.426953086321e-02
   2.158203125000e+01  -1.426647300843e-02
   2.163085937500e+01  -1.426310131980e-02
   2.167968750000e+01  -1.425990137268e-02
   2.172851562500e+01  -1.425696712254e-02
   2.177734375000e+01  -1.425381582170e-02
   2.182617187500e+01  -1.425086492575e-02
   2.187500000000e+01  -1.424804411430e-02
   2.192382812500e+01  -1.424499791334e-02
   2.197265625000e+01  -1.424207173335e-02
   2.202148437500e+01  -1.423934125557e-02
   2.207031250000e+01  -1.423668475918e-02
   2.211914062500e+01  -1.423356585589e-02
   2.216796875000e+01  -1.423095075138e-02
   2.221679687500e+01  -1.422851576846e-02
   2.226562500000e+01  -1.422586056140e-02
   2.231445312500e+01  -1.422327995194e-02
   2.236328125000e+01  -1.422113835904e-02
   2.241210937500e+01  -1.421865556406e-02
   2.246093750000e+01  -1.421594058406e-02
   2.250976562500e+01  -1.421373182828e-02
   2.255859375000e+01  -1.421155888321e-02
   2.260742187500e+01  -1.420949634710e-02
   2.265625000000e+01  -1.420725080817e-02
   2.270507812500e+01  -1.420495080388e-02
   2.275390625000e+01  -1.420294192455e-02
   2.280273437500e+01  -1.420063240518e-02
   2.285156250000e+01  -1.419911772977e-02
   2.290039062500e+01  -1.419703536994e-02
   2.294921875000e+01  -1.419502345581e-02
   2.299804687500e+01  -1.419337147780e-02
   2.304687500000e+01  -1.419171154677e-02
   2.309570312500e+01  -1.418965707024e-02
   2.314453125000e+01  -1.418805086849e-02
   2.319335937500e+01  -1.418650010775e-02
   2.324218750000e+01  -1.418491810844e-02
   2.329101562500e+01  -1.418343436548e-02
   2.333984375000e+01  -1.418194306913e-02
   2.338867187500e+01  -1.418053386023e-02
   2.343750000000e+01  -1.417896633594e-02
   2.348632812500e+01  -1.417755525812e-02
   2.353515625000e+01  -1.417658058441e-02
   2.358398437500e+01  -1.417508204894e-02
   2.363281250000e+01  -1.417391460939e-02
   2.368164062500e+01  -1.417263257935e-02
   2.373046875000e+01  -1.417155585339e-02
   2.377929687500e+01  -1.417036208727e-02
   2.382812500000e+01  -1.416968329274e-02
   2.387695312500e+01  -1.416864219849e-02
   2.392578125000e+01  -1.416777074306e-02
   2.397460937500e+01  -1.416689494755e-02
   2.402343750000e+01  -1.416585001823e-02
   2.407226562500e+01  -1.416547705550e-02
   2.412109375000e+01  -1.416435299597e-02
   2.416992187500e+01  -1.416359117647e-02
   2.421875000000e+01  -1.416329229622e-02
   2.426757812500e+01  -1.416269775685e-02
   2.431640625000e+01  -1.416182268006e-02
   2.436523437500e+01  -1.416167596890e-02
   2.441406250000e+01  -1.416133489355e-02
   2.446289062500e+01  -1.416094099475e-02
   2.451171875000e+01  -1.416044304266e-02
   2.456054687500e+01  -1.416006303008e-02
   2.460937500000e+01  -1.415985247086e-02
   2.465820312500e+01  -1.415961492069e-02
   2.470703125000e+01  -1.415984108518e-02
   2.475585937500e+01  -1.415945926163e-02
   2.480468750000e+01  -1.415985260490e-02
   2.485351562500e+01  -1.415955120491e-02
   2.490234375000e+01  -1.415963013993e-02
   2.495117187500e+01  -1.415989341659e-02
   2.500000000000e+01  -1.415989915838e-02
   2.504882812500e+01  -1.415988973421e-02
   2.509765625000e+01  -1.416002207182e-02
   2.514648437500e+01  -1.416041047835e-02
   2.519531250000e+01  -1.416072088127e-02
   2.524414062500e+01  -1.416108720701e-02
   2.529296875000e+01  -1.416215441752e-02
   2.534179687500e+01  -1.416213050217e-02
   2.539062500000e+01  -1.416291202786e-02
   2.543945312500e+01  -1.416331980397e-02
   2.548828125000e+01  -1.416372959161e-02
   2.553710937500e+01  -1.416450304058e-02
   2.558593750000e+01  -1.416498581946e-02
   2.563476562500e+01  -1.416616912285e-02
   2.568359375000e+01  -1.416651551196e-02
   2.573242187500e+01  -1.416756052812e-02
   2.578125000000e+01  -1.416865472529e-02
   2.583007812500e+01  -1.416978207312e-02
   2.587890625000e+01  -1.417087427244e-02
   2.592773437500e+01  -1.417188005564e-02
   2.597656250000e+01  -1.417271190482e-02
   2.602539062500e+01  -1.417407362717e-02
   2.607421875000e+01  -1.417494943171e-02
   2.612304687500e+01  -1.417614388973e-02
   2.617187500000e+01  -1.417776447512e-02
   2.622070312500e+01  -1.417900038381e-02
   2.626953125000e+01  -1.418033185130e-02
   2.631835937500e+01  -1.418167976606e-02
   2.636718750000e+01  -1.418337613789e-02
   2.641601562500e+01  -1.418518560753e-02
   2.646484375000e+01  -1.418661806159e-02
   2.651367187500e+01  -1.418798690291e-02
   2.656250000000e+01  -1.419002689207e-02
   2.661132812500e+01  -1.419140590208e-02
   2.666015625000e+01  -1.419330344705e-02
   2.670898437500e+01  -1.419530513018e-02
   2.675781250000e+01  -1.419715588542e-02
   2.680664062500e+01  -1.419906835596e-02
   2.685546875000e+01  -1.420111614389e-02
   2.690429687500e+01  -1.420316223082e-02
   2.695312500000e+01  -1.420525942792e-02
   2.700195312500e+01  -1.420736005895e-02
   2.705078125000e+01  -1.420970202419e-02
   2.709960937500e+01  -1.421178138367e-02
   2.714843750000e+01  -1.421409166451e-02
   2.719726562500e+01  -1.421650452446e-02
   2.724609375000e+01  -1.421873443999e-02
   2.729492187500e+01  -1.422125780883e-02
   2.734375000000e+01  -1.422389328443e-02
   2.739257812500e+01  -1.422618303255e-02
   2.744140625000e+01  -1.422890286949e-02
   2.749023437500e+01  -1.423130428052e-02
   2.753906250000e+01  -1.423396736518e-02
   2.758789062500e+01  -1.423693593490e-02
   2.763671875000e+01  -1.423961267649e-02
   2.768554687500e+01  -1.424253982691e-02
   2.773437500000e+01  -1.424551356409e-02
   2.778320312500e+01  -1.424800607791e-02
   2.783203125000e+01  -1.425156433656e-02
   2.788085937500e+01  -1.425435568678e-02
   2.792968750000e+01  -1.425725035950e-02
   2.797851562500e+01  -1.426067353741e-02
   2.802734375000e+01  -1.426364085525e-02
   2.807617187500e+01  -1.426725029301e-02
   2.812500000000e+01  -1.427013317866e-02
   2.817382812500e+01  -1.427378119474e-02
   2.822265625000e+01  -1.427667227871e-02
   2.827148437500e+01  -1.428045754398e-02
   2.832031250000e+01  -1.428399871206e-02
   2.836914062500e+01  -1.428743649191e-02
   2.841796875000e+01  -1.429108776261e-02
   2.846679687500e+01  -1.429462817101e-02
   2.851562500000e+01  -1.429835236113e-02
   2.856445312500e+01  -1.430226681099e-02
   2.861328125000e+01  -1.430633564491e-02
   2.866210937500e+01  -1.430983380739e-02
   2.871093750000e+01  -1.431381886253e-02
   2.875976562500e+01  -1.431787190815e-02
   2.880859375000e+01  -1.432183198831e-02
   2.885742187500e+01  -1.432561844337e-02
   2.890625000000e+01  -1.432998492747e-02
   2.895507812500e+01  -1.433428418714e-02
   2.900390625000e+01  -1.433830315132e-02
   2.905273437500e+01  -1.434249624399e-02
   2.910156250000e+01  -1.434692836857e-02
   2.915039062500e+01  -1.435144601846e-02
   2.919921875000e+01  -1.435595609748e-02
   2.924804687500e+01  -1.436038674411e-02
   2.929687500000e+01  -1.436498737983e-02
   2.934570312500e+01  -1.436938897437e-02
   2.939453125000e+01  -1.437409192752e-02
   2.944335937500e+01  -1.437833109243e-02
   2.949218750000e+01  -1.438365532656e-02
   2.954101562500e+01  -1.438845809706e-02
   2.958984375000e+01  -1.439323921815e-02
   2.963867187500e+01  -1.439821801531e-02
   2.968750000000e+01  -1.440303753284e-02
   2.973632812500e+01  -1.440823588331e-02
   2.978515625000e+01  -1.441332021665e-02
   2.983398437500e+01  -1.441866703496e-02
   2.988281250000e+01  -1.442334187326e-02
   2.993164062500e+01  -1.442884434596e-02
   2.998046875000e+01  -1.443410887550e-02
   3.002929687500e+01  -1.443976568712e-02
   3.007812500000e+01  -1.444511542106e-02
   3.012695312500e+01  -1.445061528467e-02
   3.017578125000e+01  -1.445602873545e-02
   3.022460937500e+01  -1.446164881497e-02
   3.027343750000e+01  -1.446726630603e-02
   3.032226562500e+01  -1.447289439815e-02
   3.037109375000e+01  -1.447873684483e-02
   3.041992187500e+01  -1.448454718292e-02
   3.046875000000e+01  -1.449040465693e-02
   3.051757812500e+01  -1.449659783779e-02
   3.056640625000e+01  -1.450225753256e-02
   3.061523437500e+01  -1.450846059795e-02
   3.066406250000e+01  -1.451442370386e-02
   3.071289062500e+01  -1.452099495517e-02
   3.076171875000e+01  -1.452685084314e-02
   3.081054687500e+01  -1.453321333470e-02
   3.085937500000e+01  -1.453948889753e-02
   3.090820312500e+01  -1.454602777961e-02
   3.095703125000e+01  -1.455225921730e-02
   3.100585937500e+01  -1.455922915023e-02
   3.105468750000e+01  -1.456571702814e-02
   3.110351562500e+01  -1.457215571765e-02
   3.115234375000e+01  -1.457878708215e-02
   3.120117187500e+01  -1.458554950240e-02
   3.125000000000e+01  -1.459241534276e-02
   3.129882812500e+01  -1.459977920679e-02
   3.134765625000e+01  -1.460630224134e-02
   3.139648437500e+01  -1.461358913033e-02
   3.144531250000e+01  -1.462065101753e-02
   3.149414062500e+01  -1.462780424791e-02
   3.154296875000e+01  -1.463493479771e-02
   3.159179687500e+01  -1.464225152540e-02
   3.164062500000e+01  -1.464941252788e-02
   3.168945312500e+01  -1.465679040582e-02
   3.173828125000e+01  -1.466435455387e-02
   3.178710937500e+01  -1.467185422332e-02
   3.183593750000e+01  -1.467937296285e-02
   3.188476562500e+01  -1.468699030486e-02
   3.193359375000e+01  -1.469456010401e-02
   3.198242187500e+01  -1.470254086022e-02
   3.203125000000e+01  -1.471062125025e-02
   3.208007812500e+01  -1.471816870357e-02
   3.212890625000e+01  -1.472617946720e-02
   3.217773437500e+01  -1.473443669044e-02
   3.222656250000e+01  -1.474207923905e-02
   3.227539062500e+01  -1.475041927298e-02
   3.232421875000e+01  -1.475878591114e-02
   3.237304687500e+01  -1.476709548761e-02
   3.242187500000e+01  -1.477552252780e-02
   3.247070312500e+01  -1.478379314137e-02
   3.251953125000e+01  -1.479238461143e-02
   3.256835937500e+01  -1.480100686884e-02
   3.261718750000e+01  -1.480956771955e-02
   3.266601562500e+01  -1.481833080546e-02
   3.271484375000e+01  -1.482727311671e-02
   3.276367187500e+01  -1.483607960805e-02
   3.281250000000e+01  -1.484471162751e-02
   3.286132812500e+01  -1.485309984347e-02
   3.291015625000e+01  -1.486273914382e-02
   3.295898437500e+01  -1.487196783788e-02
   3.300781250000e+01  -1.488129651201e-02
   3.305664062500e+01  -1.489042951354e-02
   3.310546875000e+01  -1.489960205554e-02
   3.315429687500e+01  -1.490906430077e-02
   3.320312500000e+01  -1.491884323737e-02
   3.325195312500e+01  -1.492786505224e-02
   3.330078125000e+01  -1.493779278071e-02
   3.334960937500e+01  -1.494730400163e-02
   3.339843750000e+01  -1.495715889386e-02
   3.344726562500e+01  -1.496703316873e-02
   3.349609375000e+01  -1.497702829149e-02
   3.354492187500e+01  -1.498699200568e-02
   3.359375000000e+01  -1.499707595874e-02
   3.364257812500e+01  -1.500714086345e-02
   3.369140625000e+01  -1.501742867476e-02
   3.374023437500e+01  -1.502793351698e-02
   3.378906250000e+01  -1.503801591761e-02
   3.383789062500e+01  -1.504860173648e-02
   3.388671875000e+01  -1.505899486564e-02
   3.393554687500e+01  -1.506969717441e-02
   3.398437500000e+01  -1.508052000971e-02
   3.403320312500e+01  -1.509132447181e-02
   3.408203125000e+01  -1.510203895436e-02
   3.413085937500e+01  -1.511311541405e-02
   3.417968750000e+01  -1.512378915018e-02
   3.422851562500e+01  -1.513517211306e-02
   3.427734375000e+01  -1.514656203462e-02
   3.432617187500e+01  -1.515740701178e-02
   3.437500000000e+01  -1.516875081507e-02
   3.442382812500e+01  -1.518012606776e-02
   3.447265625000e+01  -1.519158005371e-02
   3.452148437500e+01  -1.520322708572e-02
   3.457031250000e+01  -1.521503395272e-02
   3.461914062500e+01  -1.522681900172e-02
   3.466796875000e+01  -1.523835629244e-02
   3.471679687500e+01  -1.525053792001e-02
   3.476562500000e+01  -1.526295725898e-02
   3.481445312500e+01  -1.527494519902e-02
   3.486328125000e+01  -1.528682533864e-02
   3.491210937500e+01  -1.529911061621e-02
   3.496093750000e+01  -1.531155780906e-02
   3.500976562500e+01  -1.532428754966e-02
   3.505859375000e+01  -1.533699670283e-02
   3.510742187500e+01  -1.534929049427e-02
   3.515625000000e+01  -1.536193299646e-02
   3.520507812500e+01  -1.537531439887e-02
   3.525390625000e+01  -1.538809247917e-02
   3.530273437500e+01  -1.540111727872e-02
   3.535156250000e+01  -1.541389180760e-02
   3.540039062500e+01  -1.542698346697e-02
   3.544921875000e+01  -1.544069220346e-02
   3.549804687500e+01  -1.545380520691e-02
   3.554687500000e+01  -1.546730712683e-02
   3.559570312500e+01  -1.548094315537e-02
   3.564453125000e+01  -1.549477655633e-02
   3.569335937500e+01  -1.550855881238e-02
   3.574218750000e+01  -1.552239105168e-02
   3.579101562500e+01  -1.553642784518e-02
   3.583984375000e+01  -1.555032102056e-02
   3.588867187500e+01  -1.556479436762e-02
   3.593750000000e+01  -1.557898911872e-02
   3.598632812500e+01  -1.559341214851e-02
   3.603515625000e+01  -1.560814613731e-02
   3.608398437500e+01  -1.562268301795e-02
   3.613281250000e+01  -1.563734353399e-02
   3.618164062500e+01  -1.565191526294e-02
   3.623046875000e+01  -1.566692383689e-02
   3.627929687500e+01  -1.568227835393e-02
   3.632812500000e+01  -1.569702193621e-02
   3.637695312500e+01  -1.571247827591e-02
   3.642578125000e+01  -1.572780150278e-02
   3.647460937500e+01  -1.574351992913e-02
   3.652343750000e+01  -1.575909053662e-02
   3.657226562500e+01  -1.577480058317e-02
   3.662109375000e+01  -1.579031443634e-02
   3.666992187500e+01  -1.580648655840e-02
   3.671875000000e+01  -1.582254289893e-02
   3.676757812500e+01  -1.583891565234e-02
   3.681640625000e+01  -1.585494733200e-02
   3.686523437500e+01  -1.587161461712e-02
   3.691406250000e+01  -1.588795453171e-02
   3.696289062500e+01  -1.590482709180e-02
   3.701171875000e+01  -1.592145652686e-02
   3.706054687500e+01  -1.593853699788e-02
   3.710937500000e+01  -1.595515915557e-02
   3.715820312500e+01  -1.597276523195e-02
   3.720703125000e+01  -1.599002235033e-02
   3.725585937500e+01  -1.600739533739e-02
   3.730468750000e+01  -1.602465600643e-02
   3.735351562500e+01  -1.604289877817e-02
   3.740234375000e+01  -1.606084183909e-02
   3.745117187500e+01  -1.607844932886e-02
   3.750000000000e+01  -1.609676794864e-02
   3.754882812500e+01  -1.611462943519e-02
   3.759765625000e+01  -1.613321730363e-02
   3.764648437500e+01  -1.615152439488e-02
   3.769531250000e+01  -1.617017673230e-02
   3.774414062500e+01  -1.618917289697e-02
   3.779296875000e+01  -1.620765050824e-02
   3.784179687500e+01  -1.622728163728e-02
   3.789062500000e+01  -1.624646208417e-02
   3.793945312500e+01  -1.626567312952e-02
   3.798828125000e+01  -1.628532487806e-02
   3.803710937500e+01  -1.630494442799e-02
   3.808593750000e+01  -1.632452729873e-02
   3.813476562500e+01  -1.634469815265e-02
   3.818359375000e+01  -1.636480736354e-02
   3.823242187500e+01  -1.638515512730e-02
   3.828125000000e+01  -1.640573415831e-02
   3.833007812500e+01  -1.642636544133e-02
   3.837890625000e+01  -1.644704312729e-02
   3.842773437500e+01  -1.646811884387e-02
   3.847656250000e+01  -1.648909711967e-02
   3.852539062500e+01  -1.651052180962e-02
   3.857421875000e+01  -1.653172793710e-02
   3.862304687500e+01  -1.655365948953e-02
   3.867187500000e+01  -1.657549172108e-02
   3.872070312500e+01  -1.659732915504e-02
   3.876953125000e+01  -1.661931850279e-02
   3.881835937500e+01  -1.664187983151e-02
   3.886718750000e+01  -1.666421583387e-02
   3.891601562500e+01  -1.668684467857e-02
   3.896484375000e+01  -1.670969417189e-02
   3.901367187500e+01  -1.673291875449e-02
   3.906250000000e+01  -1.675631803815e-02
   3.911132812500e+01  -1.677961778757e-02
   3.916015625000e+01  -1.680311791709e-02
   3.920898437500e+01  -1.682742765277e-02
   3.925781250000e+01  -1.685176437000e-02
   3.930664062500e+01  -1.687538063965e-02
   3.935546875000e+01  -1.690017314533e-02
   3.940429687500e+01  -1.692467157295e-02
   3.945312500000e+01  -1.694960604960e-02
   3.950195312500e+01  -1.697467069217e-02
   3.955078125000e+01  -1.700000512160e-02
   3.959960937500e+01  -1.702560668112e-02
   3.964843750000e+01  -1.705125591701e-02
   3.969726562500e+01  -1.707723743194e-02
   3.974609375000e+01  -1.710376102954e-02
   3.979492187500e+01  -1.712991877998e-02
   3.984375000000e+01  -1.715702962184e-02
   3.989257812500e+01  -1.718361919829e-02
   3.994140625000e+01  -1.721097882346e-02
   3.999023437500e+01  -1.723815398682e-02
   4.003906250000e+01  -1.726563309085e-02
   4.008789062500e+01  -1.729369040419e-02
   4.013671875000e+01  -1.732188993642e-02
   4.018554687500e+01  -1.735037028548e-02
   4.023437500000e+01  -1.737907543387e-02
   4.028320312500e+01  -1.740803943535e-02
   4.033203125000e+01  -1.743679372026e-02
   4.038085937500e+01  -1.746663700654e-02
   4.042968750000e+01  -1.749640836492e-02
   4.047851562500e+01  -1.752638410247e-02
   4.052734375000e+01  -1.755673793760e-02
   4.057617187500e+01  -1.758747224588e-02
   4.062500000000e+01  -1.761819400330e-02
   4.067382812500e+01  -1.764939749499e-02
   4.072265625000e+01  -1.768105484171e-02
   4.077148437500e+01  -1.771303591429e-02
   4.082031250000e+01  -1.774521834401e-02
   4.086914062500e+01  -1.777746973361e-02
   4.091796875000e+01  -1.781050453724e-02
   4.096679687500e+01  -1.784377616921e-02
   4.101562500000e+01  -1.787710849938e-02
   4.106445312500e+01  -1.791085009430e-02
   4.111328125000e+01  -1.794498043149e-02
   4.116210937500e+01  -1.797944748202e-02
   4.121093750000e+01  -1.801426083768e-02
   4.125976562500e+01  -1.804958832685e-02
   4.130859375000e+01  -1.808505613864e-02
   4.135742187500e+01  -1.812104290785e-02
   4.140625000000e+01  -1.815745246615e-02
   4.145507812500e+01  -1.819414082033e-02
   4.150390625000e+01  -1.823138708270e-02
   4.155273437500e+01  -1.826881568111e-02
   4.160156250000e+01  -1.830695754912e-02
   4.165039062500e+01  -1.834561698927e-02
   4.169921875000e+01  -1.838426354385e-02
   4.174804687500e+01  -1.842359594121e-02
   4.179687500000e+01  -1.846308468997e-02
   4.184570312500e+01  -1.850353090707e-02
   4.189453125000e+01  -1.854387040182e-02
   4.194335937500e+01  -1.858496024430e-02
   4.199218750000e+01  -1.862645915291e-02
   4.204101562500e+01  -1.866863670735e-02
   4.208984375000e+01  -1.871103952294e-02
   4.213867187500e+01  -1.875412247554e-02
   4.218750000000e+01  -1.879768635054e-02
   4.223632812500e+01  -1.884166087406e-02
   4.228515625000e+01  -1.888675973119e-02
   4.233398437500e+01  -1.893195711518e-02
   4.238281250000e+01  -1.897774249873e-02
   4.243164062500e+01  -1.902390320599e-02
   4.248046875000e+01  -1.907057283086e-02
   4.252929687500e+01  -1.911824715402e-02
   4.257812500000e+01  -1.916672718957e-02
   4.262695312500e+01  -1.921508963845e-02
   4.267578125000e+01  -1.926459098734e-02
   4.272460937500e+01  -1.931470364698e-02
   4.277343750000e+01  -1.936526676293e-02
   4.282226562500e+01  -1.941695816938e-02
   4.287109375000e+01  -1.946885607591e-02
   4.291992187500e+01  -1.952151093402e-02
   4.296875000000e+01  -1.957511332929e-02
   4.301757812500e+01  -1.962957218376e-02
   4.306640625000e+01  -1.968462747397e-02
   4.311523437500e+01  -1.974041916533e-02
   4.316406250000e+01  -1.979726412063e-02
   4.321289062500e+01  -1.985462483290e-02
   4.326171875000e+01  -1.991254967569e-02
   4.331054687500e+01  -1.997175018717e-02
   4.335937500000e+01  -2.003167725019e-02
   4.340820312500e+01  -2.009287030986e-02
   4.345703125000e+01  -2.015459188255e-02
   4.350585937500e+01  -2.021748044410e-02
   4.355468750000e+01  -2.028135185386e-02
   4.360351562500e+01  -2.034687649858e-02
   4.365234375000e+01  -2.041259409740e-02
   4.370117187500e+01  -2.047910326251e-02
   4.375000000000e+01  -2.054708127791e-02
   4.379882812500e+01  -2.061621765382e-02
   4.384765625000e+01  -2.068673316694e-02
   4.389648437500e+01  -2.075813109279e-02
   4.394531250000e+01  -2.083103703818e-02
   4.399414062500e+01  -2.090471441877e-02
   4.404296875000e+01  -2.097989745548e-02
   4.409179687500e+01  -2.105656489514e-02
   4.414062500000e+01  -2.113494133020e-02
   4.418945312500e+01  -2.121386589771e-02
   4.423828125000e+01  -2.129468733272e-02
   4.428710937500e+01  -2.137712110361e-02
   4.433593750000e+01  -2.146112421852e-02
   4.438476562500e+01  -2.154585116391e-02
   4.443359375000e+01  -2.163342488249e-02
   4.448242187500e+01  -2.172260407191e-02
   4.453125000000e+01  -2.181263891562e-02
   4.458007812500e+01  -2.190450337983e-02
   4.462890625000e+01  -2.199893495199e-02
   4.467773437500e+01  -2.209535554799e-02
   4.472656250000e+01  -2.219334128810e-02
   4.477539062500e+01  -2.229333591009e-02
   4.482421875000e+01  -2.239547204943e-02
   4.487304687500e+01  -2.250034109300e-02
   4.492187500000e+01  -2.260708426546e-02
   4.497070312500e+01  -2.271594784174e-02
   4.501953125000e+01  -2.282795935408e-02
   4.506835937500e+01  -2.294174622514e-02
   4.511718750000e+01  -2.305865156768e-02
   4.516601562500e+01  -2.317851690026e-02
   4.521484375000e+01  -2.330071753885e-02
   4.526367187500e+01  -2.342592382393e-02
   4.531250000000e+01  -2.355428392639e-02
   4.536132812500e+01  -2.368550818892e-02
   4.541015625000e+01  -2.382046080891e-02
   4.545898437500e+01  -2.395859435940e-02
   4.550781250000e+01  -2.410069984525e-02
   4.555664062500e+01  -2.424641965732e-02
   4.560546875000e+01  -2.439595362594e-02
   4.565429687500e+01  -2.454899980135e-02
   4.570312500000e+01  -2.470703252450e-02
   4.575195312500e+01  -2.486968997600e-02
   4.580078125000e+01  -2.503612210831e-02
   4.584960937500e+01  -2.520800413923e-02
   4.589843750000e+01  -2.538412756638e-02
   4.594726562500e+01  -2.556648388598e-02
   4.599609375000e+01  -2.575395663488e-02
   4.604492187500e+01  -2.594713645901e-02
   4.609375000000e+01  -2.614654885452e-02
   4.614257812500e+01  -2.635200492788e-02
   4.619140625000e+01  -2.656438852034e-02
   4.624023437500e+01  -2.678317614826e-02
   4.628906250000e+01  -2.700922543201e-02
   4.633789062500e+01  -2.724366844186e-02
   4.638671875000e+01  -2.748595640587e-02
   4.643554687500e+01  -2.773682085545e-02
   4.648437500000e+01  -2.799701775397e-02
   4.653320312500e+01  -2.826571994972e-02
   4.658203125000e+01  -2.854482644526e-02
   4.663085937500e+01  -2.883455521173e-02
   4.667968750000e+01  -2.913538831198e-02
   4.672851562500e+01  -2.944791873158e-02
   4.677734375000e+01  -2.977284433712e-02
   4.682617187500e+01  -3.011031874766e-02
   4.687500000000e+01  -3.046261066037e-02
   4.692382812500e+01  -3.082909998815e-02
   4.697265625000e+01  -3.121097799879e-02
   4.702148437500e+01  -3.160952377319e-02
   4.707031250000e+01  -3.202559429397e-02
   4.711914062500e+01  -3.246098205911e-02
   4.716796875000e+01  -3.291545469315e-02
   4.721679687500e+01  -3.339199159662e-02
   4.726562500000e+01  -3.389056561426e-02
   4.731445312500e+01  -3.441308736397e-02
   4.736328125000e+01  -3.496213739923e-02
   4.741210937500e+01  -3.553772715554e-02
   4.746093750000e+01  -3.614279673683e-02
   4.750976562500e+01  -3.678006476845e-02
   4.755859375000e+01  -3.745085296545e-02
   4.760742187500e+01  -3.815813385468e-02
   4.765625000000e+01  -3.890423942731e-02
   4.770507812500e+01  -3.969270855730e-02
   4.775390625000e+01  -4.052529727002e-02
   4.780273437500e+01  -4.140747390339e-02
   4.785156250000e+01  -4.234109492513e-02
   4.790039062500e+01  -4.333249349431e-02
   4.794921875000e+01  -4.438388121725e-02
   4.799804687500e+01  -4.550213136015e-02
   4.804687500000e+01  -4.669282239372e-02
   4.809570312500e+01  -4.795984752584e-02
   4.814453125000e+01  -4.931289320029e-02
   4.819335937500e+01  -5.075848801298e-02
   4.824218750000e+01  -5.230293785035e-02
   4.829101562500e+01  -5.395951722115e-02
   4.833984375000e+01  -5.573252839119e-02
   4.838867187500e+01  -5.763879810515e-02
   4.843750000000e+01  -5.968725802498e-02
   4.848632812500e+01  -6.189538606633e-02
   4.853515625000e+01  -6.427680181021e-02
   4.858398437500e+01  -6.684877971287e-02
   4.863281250000e+01  -6.963172527605e-02
   4.868164062500e+01  -7.264954266837e-02
   4.873046875000e+01  -7.592477703823e-02
   4.877929687500e+01  -7.949177168881e-02
   4.882812500000e+01  -8.337512594641e-02
   4.887695312500e+01  -8.761972632478e-02
   4.892578125000e+01  -9.226497498257e-02
   4.897460937500e+01  -9.736070301971e-02
   4.902343750000e+01  -1.029657979992e-01
   4.907226562500e+01  -1.091472122540e-01
   4.912109375000e+01  -1.159785196938e-01
   4.916992187500e+01  -1.235594309336e-01
   4.921875000000e+01  -1.319904044883e-01
   4.926757812500e+01  -1.414059979990e-01
   4.931640625000e+01  -1.519517690496e-01
   4.936523437500e+01  -1.638222677391e-01
   4.941406250000e+01  -1.772389929554e-01
   4.946289062500e+01  -1.924843779442e-01
   4.951171875000e+01  -2.098876033279e-01
   4.956054687500e+01  -2.298879392545e-01
   4.960937500000e+01  -2.530069914639e-01
   4.965820312500e+01  -2.799316425549e-01
   4.970703125000e+01  -3.115179858906e-01
   4.975585937500e+01  -3.489033336530e-01
   4.980468750000e+01  -3.935351732925e-01
   4.985351562500e+01  -4.473674654061e-01
   4.990234375000e+01  -5.129419697370e-01
   4.995117187500e+01  -5.937182545562e-01
   5.000000000000e+01  -6.943982101012e-01
